      0.0000000      1.0000000     50.3030399     43.6672304      1.2815189      5.4586642
      0.0078540      0.9949675     50.3264926     43.6595669      1.2814794      5.5037890
      0.0157080      0.9899354     50.3503711     43.6522846      1.2813608      5.5489116
      0.0235619      0.9849039     50.3746677     43.6453833      1.2811632      5.5940299
      0.0314159      0.9798733     50.3993747     43.6388629      1.2808866      5.6391418
      0.0392699      0.9748439     50.4244843     43.6327235      1.2805309      5.6842450
      0.0471239      0.9698161     50.4499887     43.6269649      1.2800963      5.7293374
      0.0549779      0.9647902     50.4758803     43.6215870      1.2795827      5.7744169
      0.0628319      0.9597664     50.5021512     43.6165895      1.2789902      5.8194814
      0.0706858      0.9547451     50.5287936     43.6119725      1.2783187      5.8645286
      0.0785398      0.9497266     50.5557998     43.6077355      1.2775684      5.9095564
      0.0863938      0.9447112     50.5831620     43.6038785      1.2767394      5.9545626
      0.0942478      0.9396992     50.6108724     43.6004011      1.2758315      5.9995451
      0.1021018      0.9346909     50.6389231     43.5973032      1.2748450      6.0445018
      0.1099557      0.9296867     50.6673065     43.5945843      1.2737798      6.0894304
      0.1178097      0.9246868     50.6960146     43.5922443      1.2726360      6.1343289
      0.1256637      0.9196915     50.7250397     43.5902827      1.2714138      6.1791951
      0.1335177      0.9147012     50.7543740     43.5886992      1.2701131      6.2240267
      0.1413717      0.9097162     50.7840098     43.5874933      1.2687341      6.2688217
      0.1492256      0.9047367     50.8139393     43.5866648      1.2672768      6.3135779
      0.1570796      0.8997631     50.8441546     43.5862132      1.2657413      6.3582931
      0.1649336      0.8947957     50.8746482     43.5861379      1.2641278      6.4029652
      0.1727876      0.8898348     50.9054122     43.5864386      1.2624363      6.4475920
      0.1806416      0.8848807     50.9364390     43.5871146      1.2606669      6.4921714
      0.1884956      0.8799337     50.9677209     43.5881656      1.2588197      6.5367011
      0.1963495      0.8749940     50.9992501     43.5895909      1.2568949      6.5811791
      0.2042035      0.8700621     51.0310192     43.5913900      1.2548926      6.6256032
      0.2120575      0.8651382     51.0630203     43.5935623      1.2528128      6.6699712
      0.2199115      0.8602227     51.0952460     43.5961071      1.2506558      6.7142809
      0.2277655      0.8553157     51.1276887     43.5990238      1.2484217      6.7585302
      0.2356194      0.8504177     51.1603408     43.6023118      1.2461105      6.8027170
      0.2434734      0.8455289     51.1931949     43.6059703      1.2437224      6.8468390
      0.2513274      0.8406496     51.2262434     43.6099987      1.2412577      6.8908941
      0.2591814      0.8357802     51.2594790     43.6143962      1.2387163      6.9348802
      0.2670354      0.8309209     51.2928942     43.6191621      1.2360986      6.9787950
      0.2748893      0.8260720     51.3264817     43.6242956      1.2334046      7.0226364
      0.2827433      0.8212338     51.3602341     43.6297959      1.2306346      7.0664023
      0.2905973      0.8164067     51.3941441     43.6356621      1.2277886      7.1100904
      0.2984513      0.8115909     51.4282046     43.6418934      1.2248669      7.1536986
      0.3063053      0.8067867     51.4624084     43.6484890      1.2218696      7.1972248
      0.3141593      0.8019944     51.4967482     43.6554479      1.2187969      7.2406668
      0.3220132      0.7972144     51.5312169     43.6627693      1.2156491      7.2840223
      0.3298672      0.7924469     51.5658076     43.6704522      1.2124263      7.3272893
      0.3377212      0.7876921     51.6005133     43.6784956      1.2091287      7.3704656
      0.3455752      0.7829505     51.6353269     43.6868986      1.2057565      7.4135489
      0.3534292      0.7782222     51.6702416     43.6956601      1.2023100      7.4565372
      0.3612831      0.7735077     51.7052505     43.7047792      1.1987893      7.4994282
      0.3691371      0.7688071     51.7403469     43.7142548      1.1951946      7.5422198
      0.3769911      0.7641207     51.7755240     43.7240858      1.1915262      7.5849099
      0.3848451      0.7594489     51.8107752     43.7342711      1.1877843      7.6274961
      0.3926991      0.7547920     51.8460938     43.7448097      1.1839691      7.6699765
      0.4005530      0.7501502     51.8814734     43.7557003      1.1800809      7.7123487
      0.4084070      0.7455237     51.9169074     43.7669419      1.1761199      7.7546107
      0.4162610      0.7409130     51.9523894     43.7785332      1.1720864      7.7967602
      0.4241150      0.7363183     51.9879132     43.7904731      1.1679806      7.8387951
      0.4319690      0.7317398     52.0234723     43.8027603      1.1638027      7.8807132
      0.4398230      0.7271779     52.0590606     43.8153936      1.1595530      7.9225123
      0.4476769      0.7226328     52.0946719     43.8283717      1.1552318      7.9641903
      0.4555309      0.7181048     52.1303002     43.8416933      1.1508394      8.0057449
      0.4633849      0.7135942     52.1659395     43.8553572      1.1463759      8.0471741
      0.4712389      0.7091013     52.2015839     43.8693620      1.1418418      8.0884756
      0.4790929      0.7046263     52.2372275     43.8837063      1.1372372      8.1296473
      0.4869468      0.7001696     52.2728645     43.8983889      1.1325624      8.1706869
      0.4948008      0.6957313     52.3084892     43.9134082      1.1278178      8.2115924
      0.5026548      0.6913118     52.3440960     43.9287629      1.1230036      8.2523615
      0.5105088      0.6869113     52.3796795     43.9444516      1.1181202      8.2929921
      0.5183628      0.6825302     52.4152341     43.9604727      1.1131678      8.3334819
      0.5262167      0.6781686     52.4507544     43.9768249      1.1081467      8.3738289
      0.5340707      0.6738269     52.4862352     43.9935067      1.1030572      8.4140308
      0.5419247      0.6695053     52.5216712     44.0105164      1.0978997      8.4540855
      0.5497787      0.6652041     52.5570573     44.0278527      1.0926745      8.4939908
      0.5576327      0.6609236     52.5923886     44.0455138      1.0873819      8.5337446
      0.5654867      0.6566639     52.6276599     44.0634984      1.0820222      8.5733445
      0.5733406      0.6524255     52.6628665     44.0818047      1.0765958      8.6127886
      0.5811946      0.6482084     52.6980036     44.1004312      1.0711030      8.6520746
      0.5890486      0.6440131     52.7330665     44.1193761      1.0655441      8.6912003
      0.5969026      0.6398398     52.7680506     44.1386380      1.0599194      8.7301636
      0.6047566      0.6356886     52.8029514     44.1582150      1.0542294      8.7689624
      0.6126105      0.6315600     52.8377644     44.1781056      1.0484744      8.8075943
      0.6204645      0.6274540     52.8724853     44.1983079      1.0426547      8.8460574
      0.6283185      0.6233710     52.9071100     44.2188203      1.0367706      8.8843493
      0.6361725      0.6193113     52.9416341     44.2396410      1.0308226      8.9224681
      0.6440265      0.6152751     52.9760538     44.2607683      1.0248111      8.9604114
      0.6518804      0.6112626     53.0103651     44.2822003      1.0187363      8.9981771
      0.6597344      0.6072740     53.0445640     44.3039352      1.0125986      9.0357631
      0.6675884      0.6033097     53.0786468     44.3259713      1.0063985      9.0731672
      0.6754424      0.5993699     53.1126099     44.3483067      1.0001364      9.1103873
      0.6832964      0.5954547     53.1464497     44.3709395      0.9938125      9.1474212
      0.6911504      0.5915646     53.1801627     44.3938678      0.9874273      9.1842667
      0.6990043      0.5876996     53.2137455     44.4170897      0.9809813      9.2209218
      0.7068583      0.5838600     53.2471948     44.4406034      0.9744747      9.2573842
      0.7147123      0.5800462     53.2805075     44.4644068      0.9679080      9.2936518
      0.7225663      0.5762582     53.3136805     44.4884981      0.9612816      9.3297224
      0.7304203      0.5724963     53.3467108     44.5128753      0.9545959      9.3655940
      0.7382742      0.5687609     53.3795955     44.5375363      0.9478513      9.4012644
      0.7461282      0.5650520     53.4123318     44.5624792      0.9410482      9.4367314
      0.7539822      0.5613700     53.4449171     44.5877019      0.9341871      9.4719930
      0.7618362      0.5577150     53.4773487     44.6132025      0.9272684      9.5070469
      0.7696902      0.5540873     53.5096241     44.6389787      0.9202925      9.5418911
      0.7775441      0.5504871     53.5417411     44.6650287      0.9132598      9.5765234
      0.7853981      0.5469147     53.5736972     44.6913502      0.9061708      9.6109417
      0.7932521      0.5433701     53.6054903     44.7179413      0.8990258      9.6451439
      0.8011061      0.5398538     53.6371184     44.7447996      0.8918255      9.6791279
      0.8089601      0.5363658     53.6685793     44.7719232      0.8845701      9.7128915
      0.8168141      0.5329065     53.6998713     44.7993098      0.8772601      9.7464327
      0.8246680      0.5294759     53.7309926     44.8269573      0.8698960      9.7797494
      0.8325220      0.5260744     53.7619414     44.8548635      0.8624783      9.8128394
      0.8403760      0.5227021     53.7927163     44.8830262      0.8550074      9.8457007
      0.8482300      0.5193592     53.8233156     44.9114431      0.8474837      9.8783311
      0.8560840      0.5160460     53.8537381     44.9401120      0.8399078      9.9107287
      0.8639379      0.5127627     53.8839824     44.9690308      0.8322800      9.9428912
      0.8717919      0.5095094     53.9140473     44.9981970      0.8246009      9.9748167
      0.8796459      0.5062864     53.9439318     45.0276084      0.8168710     10.0065030
      0.8874999      0.5030938     53.9736349     45.0572627      0.8090906     10.0379481
      0.8953539      0.4999318     54.0031557     45.0871577      0.8012603     10.0691499
      0.9032078      0.4968008     54.0324935     45.1172909      0.7933807     10.1001063
      0.9110618      0.4937007     54.0616474     45.1476601      0.7854520     10.1308154
      0.9189158      0.4906319     54.0906170     45.1782628      0.7774750     10.1612751
      0.9267698      0.4875945     54.1194017     45.2090968      0.7694499     10.1914832
      0.9346238      0.4845887     54.1480012     45.2401595      0.7613774     10.2214379
      0.9424778      0.4816147     54.1764151     45.2714487      0.7532580     10.2511370
      0.9503317      0.4786727     54.2046432     45.3029619      0.7450921     10.2805786
      0.9581857      0.4757628     54.2326855     45.3346966      0.7368802     10.3097606
      0.9660397      0.4728853     54.2605420     45.3666505      0.7286228     10.3386810
      0.9738937      0.4700403     54.2882126     45.3988210      0.7203205     10.3673379
      0.9817477      0.4672280     54.3156976     45.4312058      0.7119738     10.3957291
      0.9896016      0.4644485     54.3429972     45.4638023      0.7035832     10.4238528
      0.9974556      0.4617021     54.3701119     45.4966080      0.6951492     10.4517070
      1.0053096      0.4589889     54.3970421     45.5296204      0.6866722     10.4792896
      1.0131636      0.4563091     54.4237883     45.5628370      0.6781530     10.5065988
      1.0210176      0.4536628     54.4503512     45.5962553      0.6695919     10.5336325
      1.0288715      0.4510502     54.4767314     45.6298727      0.6609895     10.5603888
      1.0367255      0.4484714     54.5029299     45.6636867      0.6523463     10.5868658
      1.0445795      0.4459267     54.5289475     45.6976947      0.6436628     10.6130616
      1.0524335      0.4434161     54.5547852     45.7318941      0.6349397     10.6389741
      1.0602875      0.4409399     54.5804441     45.7662823      0.6261774     10.6646016
      1.0681415      0.4384982     54.6059254     45.8008567      0.6173765     10.6899421
      1.0759954      0.4360911     54.6312303     45.8356147      0.6085375     10.7149937
      1.0838494      0.4337188     54.6563602     45.8705536      0.5996610     10.7397544
      1.0917034      0.4313814     54.6813165     45.9056709      0.5907475     10.7642226
      1.0995574      0.4290791     54.7061007     45.9409639      0.5817975     10.7883962
      1.1074114      0.4268121     54.7307143     45.9764299      0.5728116     10.8122734
      1.1152653      0.4245803     54.7551591     46.0120662      0.5637904     10.8358524
      1.1231193      0.4223841     54.7794369     46.0478701      0.5547345     10.8591313
      1.1309733      0.4202235     54.8035493     46.0838391      0.5456443     10.8821083
      1.1388273      0.4180987     54.8274984     46.1199703      0.5365204     10.9047817
      1.1466813      0.4160097     54.8512861     46.1562610      0.5273635     10.9271495
      1.1545352      0.4139568     54.8749144     46.1927086      0.5181740     10.9492100
      1.1623892      0.4119400     54.8983856     46.2293103      0.5089526     10.9709614
      1.1702432      0.4099596     54.9217017     46.2660633      0.4996998     10.9924020
      1.1780972      0.4080155     54.9448652     46.3029649      0.4904161     11.0135300
      1.1859512      0.4061079     54.9678782     46.3400124      0.4811022     11.0343437
      1.1938052      0.4042369     54.9907433     46.3772029      0.4717587     11.0548412
      1.2016591      0.4024027     55.0134630     46.4145337      0.4623860     11.0750210
      1.2095131      0.4006054     55.0360397     46.4520020      0.4529848     11.0948812
      1.2173671      0.3988450     55.0584761     46.4896050      0.4435556     11.1144203
      1.2252211      0.3971217     55.0807749     46.5273400      0.4340991     11.1336365
      1.2330751      0.3954357     55.1029388     46.5652040      0.4246159     11.1525281
      1.2409290      0.3937869     55.1249707     46.6031943      0.4151064     11.1710935
      1.2487830      0.3921755     55.1468733     46.6413080      0.4055713     11.1893311
      1.2566370      0.3906015     55.1686497     46.6795423      0.3960112     11.2072392
      1.2644910      0.3890652     55.1903029     46.7178944      0.3864267     11.2248163
      1.2723450      0.3875666     55.2118358     46.7563614      0.3768183     11.2420606
      1.2801989      0.3861057     55.2332515     46.7949405      0.3671867     11.2589708
      1.2880529      0.3846827     55.2545533     46.8336288      0.3575325     11.2755451
      1.2959069      0.3832977     55.2757443     46.8724234      0.3478562     11.2917820
      1.3037609      0.3819507     55.2968277     46.9113214      0.3381584     11.3076801
      1.3116149      0.3806418     55.3178070     46.9503200      0.3284398     11.3232377
      1.3194689      0.3793712     55.3386854     46.9894162      0.3187009     11.3384534
      1.3273228      0.3781388     55.3594663     47.0286073      0.3089423     11.3533257
      1.3351768      0.3769448     55.3801533     47.0678902      0.2991647     11.3678531
      1.3430308      0.3757892     55.4007497     47.1072620      0.2893687     11.3820341
      1.3508848      0.3746721     55.4212591     47.1467200      0.2795548     11.3958674
      1.3587388      0.3735936     55.4416851     47.1862610      0.2697236     11.4093515
      1.3665927      0.3725537     55.4620313     47.2258823      0.2598758     11.4224850
      1.3744467      0.3715526     55.4823013     47.2655808      0.2500120     11.4352666
      1.3823007      0.3705901     55.5024988     47.3053537      0.2401328     11.4476947
      1.3901547      0.3696666     55.5226277     47.3451980      0.2302387     11.4597682
      1.3980087      0.3687819     55.5426915     47.3851108      0.2203305     11.4714857
      1.4058626      0.3679361     55.5626941     47.4250891      0.2104086     11.4828458
      1.4137166      0.3671293     55.5826393     47.4651299      0.2004738     11.4938472
      1.4215706      0.3663616     55.6025309     47.5052304      0.1905266     11.5044888
      1.4294246      0.3656330     55.6223729     47.5453876      0.1805677     11.5147692
      1.4372786      0.3649435     55.6421691     47.5855984      0.1705976     11.5246872
      1.4451326      0.3642931     55.6619233     47.6258599      0.1606170     11.5342416
      1.4529865      0.3636820     55.6816397     47.6661693      0.1506265     11.5434311
      1.4608405      0.3631101     55.7013221     47.7065234      0.1406267     11.5522547
      1.4686945      0.3625775     55.7209745     47.7469193      0.1306182     11.5607111
      1.4765485      0.3620842     55.7406008     47.7873541      0.1206017     11.5687992
      1.4844025      0.3616303     55.7602052     47.8278248      0.1105777     11.5765179
      1.4922564      0.3612158     55.7797916     47.8683283      0.1005469     11.5838662
      1.5001104      0.3608406     55.7993640     47.9088617      0.0905099     11.5908428
      1.5079644      0.3605049     55.8189266     47.9494221      0.0804673     11.5974468
      1.5158184      0.3602087     55.8384833     47.9900063      0.0704198     11.6036772
      1.5236724      0.3599519     55.8580382     48.0306115      0.0603679     11.6095329
      1.5315263      0.3597345     55.8775954     48.0712347      0.0503123     11.6150130
      1.5393803      0.3595567     55.8971590     48.1118728      0.0402536     11.6201165
      1.5472343      0.3594184     55.9167330     48.1525229      0.0301924     11.6248424
      1.5550883      0.3593196     55.9363214     48.1931820      0.0201293     11.6291898
      1.5629423      0.3592603     55.9559284     48.2338471      0.0100650     11.6331579
      1.5707963      0.3592405     55.9755581     48.2745151      0.0000001     11.6367457
      1.5786502      0.3592603     55.9952144     48.3151832     -0.0100648     11.6399524
      1.5865042      0.3593196     56.0149015     48.3558483     -0.0201291     11.6427772
      1.5943582      0.3594184     56.0346233     48.3965073     -0.0301922     11.6452193
      1.6022122      0.3595567     56.0543840     48.4371574     -0.0402534     11.6472779
      1.6100662      0.3597345     56.0741875     48.4777956     -0.0503121     11.6489522
      1.6179201      0.3599519     56.0940378     48.5184187     -0.0603677     11.6502416
      1.6257741      0.3602087     56.1139390     48.5590239     -0.0704196     11.6511452
      1.6336281      0.3605049     56.1338951     48.5996082     -0.0804671     11.6516625
      1.6414821      0.3608406     56.1539099     48.6401686     -0.0905097     11.6517927
      1.6493361      0.3612158     56.1739874     48.6807020     -0.1005467     11.6515353
      1.6571900      0.3616303     56.1941316     48.7212055     -0.1105775     11.6508896
      1.6650440      0.3620842     56.2143464     48.7616762     -0.1206015     11.6498551
      1.6728980      0.3625775     56.2346355     48.8021109     -0.1306180     11.6484312
      1.6807520      0.3631101     56.2550029     48.8425069     -0.1406265     11.6466173
      1.6886060      0.3636820     56.2754524     48.8828610     -0.1506263     11.6444130
      1.6964600      0.3642931     56.2959878     48.9231703     -0.1606168     11.6418178
      1.7043139      0.3649434     56.3166128     48.9634319     -0.1705974     11.6388312
      1.7121679      0.3656330     56.3373312     49.0036427     -0.1805675     11.6354529
      1.7200219      0.3663616     56.3581466     49.0437999     -0.1905264     11.6316824
      1.7278759      0.3671293     56.3790627     49.0839003     -0.2004736     11.6275193
      1.7357299      0.3679361     56.4000830     49.1239412     -0.2104084     11.6229633
      1.7435838      0.3687819     56.4212113     49.1639195     -0.2203303     11.6180142
      1.7514378      0.3696666     56.4424510     49.2038323     -0.2302385     11.6126715
      1.7592918      0.3705901     56.4638056     49.2436766     -0.2401326     11.6069351
      1.7671458      0.3715525     56.4852786     49.2834495     -0.2500118     11.6008047
      1.7749998      0.3725537     56.5068734     49.3231480     -0.2598757     11.5942800
      1.7828537      0.3735936     56.5285933     49.3627693     -0.2697234     11.5873611
      1.7907077      0.3746721     56.5504416     49.4023103     -0.2795546     11.5800476
      1.7985617      0.3757892     56.5724217     49.4417683     -0.2893685     11.5723395
      1.8064157      0.3769448     56.5945366     49.4811401     -0.2991645     11.5642366
      1.8142697      0.3781388     56.6167896     49.5204230     -0.3089421     11.5557389
      1.8221237      0.3793712     56.6391838     49.5596141     -0.3187007     11.5468465
      1.8299776      0.3806418     56.6617223     49.5987103     -0.3284396     11.5375592
      1.8378316      0.3819507     56.6844079     49.6377089     -0.3381582     11.5278771
      1.8456856      0.3832977     56.7072437     49.6766070     -0.3478560     11.5178002
      1.8535396      0.3846827     56.7302325     49.7154015     -0.3575323     11.5073287
      1.8613936      0.3861057     56.7533771     49.7540898     -0.3671865     11.4964626
      1.8692475      0.3875666     56.7766804     49.7926689     -0.3768181     11.4852021
      1.8771015      0.3890652     56.8001449     49.8311359     -0.3864265     11.4735474
      1.8849555      0.3906015     56.8237733     49.8694880     -0.3960110     11.4614986
      1.8928095      0.3921754     56.8475681     49.9077223     -0.4055711     11.4490560
      1.9006635      0.3937868     56.8715319     49.9458361     -0.4151062     11.4362199
      1.9085174      0.3954356     56.8956671     49.9838264     -0.4246157     11.4229905
      1.9163714      0.3971217     56.9199759     50.0216904     -0.4340989     11.4093682
      1.9242254      0.3988450     56.9444608     50.0594253     -0.4435555     11.3953533
      1.9320794      0.4006054     56.9691238     50.0970283     -0.4529846     11.3809462
      1.9399334      0.4024027     56.9939672     50.1344966     -0.4623858     11.3661473
      1.9477874      0.4042369     57.0189930     50.1718275     -0.4717585     11.3509571
      1.9556413      0.4061078     57.0442031     50.2090180     -0.4811021     11.3353760
      1.9634953      0.4080154     57.0695995     50.2460654     -0.4904160     11.3194046
      1.9713493      0.4099595     57.0951841     50.2829671     -0.4996996     11.3030433
      1.9792033      0.4119400     57.1209585     50.3197201     -0.5089524     11.2862928
      1.9870573      0.4139568     57.1469244     50.3563217     -0.5181739     11.2691536
      1.9949112      0.4160097     57.1730834     50.3927693     -0.5273633     11.2516265
      2.0027652      0.4180986     57.1994371     50.4290601     -0.5365203     11.2337119
      2.0106192      0.4202235     57.2259868     50.4651913     -0.5456441     11.2154107
      2.0184732      0.4223841     57.2527338     50.5011602     -0.5547343     11.1967236
      2.0263272      0.4245803     57.2796796     50.5369642     -0.5637903     11.1776513
      2.0341811      0.4268120     57.3068251     50.5726005     -0.5728115     11.1581945
      2.0420351      0.4290791     57.3341715     50.6080665     -0.5817973     11.1383542
      2.0498891      0.4313814     57.3617198     50.6433595     -0.5907473     11.1181312
      2.0577431      0.4337188     57.3894709     50.6784768     -0.5996608     11.0975263
      2.0655971      0.4360911     57.4174256     50.7134157     -0.6085373     11.0765405
      2.0734511      0.4384982     57.4455846     50.7481737     -0.6173763     11.0551747
      2.0813050      0.4409399     57.4739486     50.7827481     -0.6261773     11.0334298
      2.0891590      0.4434161     57.5025181     50.8171363     -0.6349396     11.0113070
      2.0970130      0.4459266     57.5312936     50.8513357     -0.6436627     10.9888072
      2.1048670      0.4484714     57.5602754     50.8853437     -0.6523461     10.9659315
      2.1127210      0.4510501     57.5894638     50.9191577     -0.6609893     10.9426811
      2.1205749      0.4536627     57.6188589     50.9527751     -0.6695917     10.9190569
      2.1284289      0.4563090     57.6484609     50.9861934     -0.6781528     10.8950603
      2.1362829      0.4589889     57.6782696     51.0194100     -0.6866721     10.8706924
      2.1441369      0.4617021     57.7082851     51.0524225     -0.6951490     10.8459545
      2.1519909      0.4644485     57.7385070     51.0852282     -0.7035830     10.8208478
      2.1598448      0.4672279     57.7689352     51.1178247     -0.7119737     10.7953735
      2.1676988      0.4700403     57.7995690     51.1502094     -0.7203204     10.7695331
      2.1755528      0.4728853     57.8304082     51.1823800     -0.7286227     10.7433279
      2.1834068      0.4757628     57.8614520     51.2143338     -0.7368800     10.7167593
      2.1912608      0.4786726     57.8926997     51.2460686     -0.7450919     10.6898286
      2.1991148      0.4816147     57.9241506     51.2775818     -0.7532578     10.6625375
      2.2069687      0.4845887     57.9558038     51.3088709     -0.7613773     10.6348872
      2.2148227      0.4875944     57.9876582     51.3399337     -0.7694498     10.6068794
      2.2226767      0.4906318     58.0197127     51.3707676     -0.7774748     10.5785156
      2.2305307      0.4937007     58.0519662     51.4013704     -0.7854519     10.5497974
      2.2383847      0.4968007     58.0844173     51.4317395     -0.7933805     10.5207264
      2.2462386      0.4999318     58.1170646     51.4618728     -0.8012602     10.4913041
      2.2540926      0.5030937     58.1499067     51.4917677     -0.8090905     10.4615324
      2.2619466      0.5062863     58.1829419     51.5214221     -0.8168708     10.4314130
      2.2698006      0.5095093     58.2161685     51.5508335     -0.8246008     10.4009474
      2.2776546      0.5127626     58.2495847     51.5799997     -0.8322799     10.3701376
      2.2855085      0.5160460     58.2831887     51.6089185     -0.8399076     10.3389852
      2.2933625      0.5193592     58.3169782     51.6375874     -0.8474836     10.3074922
      2.3012165      0.5227020     58.3509514     51.6660043     -0.8550072     10.2756604
      2.3090705      0.5260743     58.3851059     51.6941670     -0.8624782     10.2434917
      2.3169245      0.5294758     58.4194394     51.7220732     -0.8698959     10.2109880
      2.3247785      0.5329064     58.4539496     51.7497207     -0.8772600     10.1781512
      2.3326324      0.5363658     58.4886338     51.7771073     -0.8845699     10.1449834
      2.3404864      0.5398537     58.5234895     51.8042309     -0.8918253     10.1114865
      2.3483404      0.5433701     58.5585140     51.8310893     -0.8990257     10.0776626
      2.3561944      0.5469146     58.5937044     51.8576803     -0.9061706     10.0435138
      2.3640484      0.5504870     58.6290578     51.8840019     -0.9132597     10.0090421
      2.3719023      0.5540872     58.6645711     51.9100518     -0.9202924      9.9742497
      2.3797563      0.5577149     58.7002414     51.9358281     -0.9272683      9.9391388
      2.3876103      0.5613699     58.7360652     51.9613287     -0.9341870      9.9037115
      2.3954643      0.5650519     58.7720393     51.9865514     -0.9410481      9.8679701
      2.4033183      0.5687608     58.8081604     52.0114943     -0.9478512      9.8319167
      2.4111722      0.5724963     58.8444247     52.0361553     -0.9545957      9.7955538
      2.4190262      0.5762581     58.8808288     52.0605325     -0.9612814      9.7588836
      2.4268802      0.5800461     58.9173690     52.0846238     -0.9679078      9.7219084
      2.4347342      0.5838600     58.9540413     52.1084272     -0.9744746      9.6846306
      2.4425882      0.5876995     58.9908419     52.1319409     -0.9809811      9.6470526
      2.4504422      0.5915645     59.0277668     52.1551628     -0.9874272      9.6091769
      2.4582961      0.5954547     59.0648119     52.1780912     -0.9938124      9.5710057
      2.4661501      0.5993698     59.1019729     52.2007239     -1.0001363      9.5325418
      2.4740041      0.6033096     59.1392456     52.2230593     -1.0063984      9.4937874
      2.4818581      0.6072739     59.1766256     52.2450954     -1.0125985      9.4547453
      2.4897121      0.6112625     59.2141085     52.2668304     -1.0187362      9.4154178
      2.4975660      0.6152750     59.2516895     52.2882624     -1.0248109      9.3758077
      2.5054200      0.6193112     59.2893641     52.3093896     -1.0308225      9.3359176
      2.5132740      0.6233710     59.3271276     52.3302103     -1.0367705      9.2957500
      2.5211280      0.6274539     59.3649749     52.3507227     -1.0426545      9.2553076
      2.5289820      0.6315599     59.4029013     52.3709251     -1.0484743      9.2145932
      2.5368359      0.6356885     59.4409017     52.3908156     -1.0542293      9.1736095
      2.5446899      0.6398397     59.4789710     52.4103927     -1.0599193      9.1323592
      2.5525439      0.6440130     59.5171040     52.4296546     -1.0655440      9.0908450
      2.5603979      0.6482084     59.5552953     52.4485995     -1.0711029      9.0490698
      2.5682519      0.6524254     59.5935397     52.4672260     -1.0765957      9.0070364
      2.5761059      0.6566638     59.6318316     52.4855323     -1.0820221      8.9647477
      2.5839598      0.6609235     59.6701655     52.5035169     -1.0873818      8.9222064
      2.5918138      0.6652040     59.7085359     52.5211781     -1.0926744      8.8794156
      2.5996678      0.6695052     59.7469369     52.5385143     -1.0978996      8.8363781
      2.6075218      0.6738268     59.7853628     52.5555241     -1.1030571      8.7930969
      2.6153758      0.6781685     59.8238078     52.5722058     -1.1081466      8.7495749
      2.6232297      0.6825301     59.8622659     52.5885580     -1.1131677      8.7058152
      2.6310837      0.6869112     59.9007310     52.6045792     -1.1181201      8.6618207
      2.6389377      0.6913117     59.9391972     52.6202679     -1.1230035      8.6175945
      2.6467917      0.6957312     59.9776581     52.6356226     -1.1278177      8.5731396
      2.6546457      0.7001695     60.0161077     52.6506419     -1.1325623      8.5284592
      2.6624996      0.7046262     60.0545395     52.6653244     -1.1372371      8.4835563
      2.6703536      0.7091012     60.0929472     52.6796688     -1.1418417      8.4384341
      2.6782076      0.7135941     60.1313243     52.6936736     -1.1463758      8.3930957
      2.6860616      0.7181047     60.1696643     52.7073375     -1.1508393      8.3475443
      2.6939156      0.7226327     60.2079607     52.7206591     -1.1552317      8.3017830
      2.7017696      0.7271778     60.2462067     52.7336372     -1.1595529      8.2558152
      2.7096235      0.7317397     60.2843956     52.7462705     -1.1638026      8.2096439
      2.7174775      0.7363182     60.3225207     52.7585577     -1.1679805      8.1632726
      2.7253315      0.7409129     60.3605751     52.7704976     -1.1720863      8.1167043
      2.7331855      0.7455237     60.3985519     52.7820889     -1.1761199      8.0699425
      2.7410395      0.7501501     60.4364441     52.7933305     -1.1800809      8.0229905
      2.7488934      0.7547919     60.4742448     52.8042212     -1.1839691      7.9758516
      2.7567474      0.7594488     60.5119468     52.8147597     -1.1877842      7.9285290
      2.7646014      0.7641206     60.5495430     52.8249451     -1.1915261      7.8810263
      2.7724554      0.7688070     60.5870263     52.8347761     -1.1951945      7.8333467
      2.7803094      0.7735076     60.6243894     52.8442517     -1.1987892      7.7854937
      2.7881633      0.7782221     60.6616249     52.8533708     -1.2023099      7.7374708
      2.7960173      0.7829504     60.6987257     52.8621323     -1.2057565      7.6892812
      2.8038713      0.7876920     60.7356842     52.8705353     -1.2091287      7.6409286
      2.8117253      0.7924468     60.7724932     52.8785787     -1.2124263      7.5924163
      2.8195793      0.7972143     60.8091450     52.8862616     -1.2156491      7.5437479
      2.8274333      0.8019944     60.8456322     52.8935830     -1.2187969      7.4949268
      2.8352872      0.8067866     60.8819473     52.9005419     -1.2218695      7.4459566
      2.8431412      0.8115908     60.9180826     52.9071375     -1.2248668      7.3968408
      2.8509952      0.8164066     60.9540306     52.9133689     -1.2277885      7.3475829
      2.8588492      0.8212337     60.9897836     52.9192351     -1.2306345      7.2981866
      2.8667032      0.8260719     61.0253338     52.9247354     -1.2334046      7.2486553
      2.8745571      0.8309208     61.0606736     52.9298688     -1.2360986      7.1989927
      2.8824111      0.8357801     61.0957952     52.9346347     -1.2387163      7.1492024
      2.8902651      0.8406495     61.1306908     52.9390322     -1.2412576      7.0992879
      2.8981191      0.8455288     61.1653526     52.9430607     -1.2437224      7.0492530
      2.9059731      0.8504176     61.1997727     52.9467192     -1.2461104      6.9991013
      2.9138270      0.8553156     61.2339434     52.9500072     -1.2484216      6.9488363
      2.9216810      0.8602226     61.2678567     52.9529239     -1.2506558      6.8984618
      2.9295350      0.8651381     61.3015048     52.9554688     -1.2528128      6.8479815
      2.9373890      0.8700620     61.3348797     52.9576410     -1.2548925      6.7973990
      2.9452430      0.8749939     61.3679734     52.9594401     -1.2568949      6.7467180
      2.9530970      0.8799336     61.4007781     52.9608654     -1.2588197      6.6959423
      2.9609509      0.8848806     61.4332858     52.9619164     -1.2606668      6.6450755
      2.9688049      0.8898347     61.4654885     52.9625925     -1.2624362      6.5941213
      2.9766589      0.8947956     61.4973782     52.9628932     -1.2641277      6.5430836
      2.9845129      0.8997630     61.5289469     52.9628179     -1.2657413      6.4919660
      2.9923669      0.9047366     61.5601868     52.9623662     -1.2672768      6.4407723
      3.0002208      0.9097161     61.5910897     52.9615377     -1.2687340      6.3895063
      3.0080748      0.9147011     61.6216476     52.9603319     -1.2701131      6.3381716
      3.0159288      0.9196915     61.6518527     52.9587484     -1.2714138      6.2867722
      3.0237828      0.9246867     61.6816968     52.9567868     -1.2726360      6.2353117
      3.0316368      0.9296866     61.7111721     52.9544468     -1.2737798      6.1837940
      3.0394907      0.9346908     61.7402705     52.9517279     -1.2748450      6.1322228
      3.0473447      0.9396991     61.7689840     52.9486300     -1.2758315      6.0806019
      3.0551987      0.9447111     61.7973048     52.9451526     -1.2767393      6.0289352
      3.0630527      0.9497265     61.8252248     52.9412956     -1.2775684      5.9772264
      3.0709067      0.9547450     61.8527361     52.9370587     -1.2783187      5.9254794
      3.0787607      0.9597663     61.8798308     52.9324416     -1.2789901      5.8736979
      3.0866146      0.9647901     61.9065010     52.9274442     -1.2795827      5.8218859
      3.0944686      0.9698160     61.9327389     52.9220663     -1.2800963      5.7700470
      3.1023226      0.9748438     61.9585365     52.9163076     -1.2805309      5.7181851
      3.1101766      0.9798732     61.9838860     52.9101682     -1.2808866      5.6663041
      3.1180306      0.9849038     62.0087797     52.9036479     -1.2811632      5.6144078
      3.1258845      0.9899353     62.0332096     52.8967466     -1.2813608      5.5625000
      3.1337385      0.9949674     62.0571682     52.8894643     -1.2814794      5.5105845
      3.1415925      0.9999999     62.0806477     52.8818009     -1.2815189      5.4586652
      3.1494465      1.0050324     62.1036403     52.8737563     -1.2814794      5.4067459
      3.1573005      1.0100645     62.1261384     52.8653307     -1.2813608      5.3548304
      3.1651544      1.0150960     62.1481344     52.8565241     -1.2811632      5.3029226
      3.1730084      1.0201266     62.1696208     52.8473364     -1.2808866      5.2510263
      3.1808624      1.0251560     62.1905899     52.8377679     -1.2805309      5.1991453
      3.1887164      1.0301838     62.2110344     52.8278186     -1.2800963      5.1472835
      3.1965704      1.0352097     62.2309467     52.8174886     -1.2795827      5.0954446
      3.2044244      1.0402335     62.2503194     52.8067780     -1.2789902      5.0436325
      3.2122783      1.0452548     62.2691452     52.7956872     -1.2783187      4.9918510
      3.2201323      1.0502733     62.2874168     52.7842162     -1.2775685      4.9401040
      3.2279863      1.0552887     62.3051269     52.7723652     -1.2767394      4.8883952
      3.2358403      1.0603007     62.3222684     52.7601346     -1.2758315      4.8367285
      3.2436943      1.0653090     62.3388340     52.7475246     -1.2748450      4.7851077
      3.2515482      1.0703132     62.3548167     52.7345355     -1.2737798      4.7335365
      3.2594022      1.0753131     62.3702094     52.7211676     -1.2726361      4.6820187
      3.2672562      1.0803084     62.3850053     52.7074213     -1.2714138      4.6305583
      3.2751102      1.0852987     62.3991973     52.6932968     -1.2701131      4.5791588
      3.2829642      1.0902837     62.4127787     52.6787947     -1.2687341      4.5278242
      3.2908181      1.0952632     62.4257427     52.6639152     -1.2672768      4.4765581
      3.2986721      1.1002368     62.4380825     52.6486589     -1.2657413      4.4253644
      3.3065261      1.1052042     62.4497916     52.6330263     -1.2641278      4.3742468
      3.3143801      1.1101651     62.4608633     52.6170176     -1.2624363      4.3232091
      3.3222341      1.1151192     62.4712912     52.6006336     -1.2606669      4.2722550
      3.3300881      1.1200663     62.4810689     52.5838747     -1.2588198      4.2213882
      3.3379420      1.1250059     62.4901900     52.5667414     -1.2568950      4.1706124
      3.3457960      1.1299378     62.4986482     52.5492344     -1.2548926      4.1199314
      3.3536500      1.1348617     62.5064374     52.5313542     -1.2528129      4.0693489
      3.3615040      1.1397772     62.5135515     52.5131014     -1.2506559      4.0188686
      3.3693580      1.1446842     62.5199844     52.4944767     -1.2484217      3.9684941
      3.3772119      1.1495822     62.5257303     52.4754808     -1.2461105      3.9182291
      3.3850659      1.1544710     62.5307832     52.4561143     -1.2437225      3.8680774
      3.3929199      1.1593503     62.5351375     52.4363779     -1.2412577      3.8180424
      3.4007739      1.1642197     62.5387874     52.4162724     -1.2387164      3.7681280
      3.4086279      1.1690791     62.5417274     52.3957986     -1.2360987      3.7183377
      3.4164818      1.1739279     62.5439520     52.3749572     -1.2334047      3.6686751
      3.4243358      1.1787661     62.5454559     52.3537490     -1.2306346      3.6191438
      3.4321898      1.1835932     62.5462336     52.3321748     -1.2277886      3.5697474
      3.4400438      1.1884090     62.5462800     52.3102355     -1.2248669      3.5204896
      3.4478978      1.1932132     62.5455901     52.2879320     -1.2218696      3.4713738
      3.4557518      1.1980055     62.5441588     52.2652651     -1.2187970      3.4224035
      3.4636057      1.2027855     62.5419813     52.2422358     -1.2156492      3.3735825
      3.4714597      1.2075531     62.5390526     52.2188449     -1.2124264      3.3249140
      3.4793137      1.2123078     62.5353683     52.1950935     -1.2091288      3.2764017
      3.4871677      1.2170494     62.5309236     52.1709826     -1.2057566      3.2280491
      3.4950217      1.2217777     62.5257141     52.1465131     -1.2023100      3.1798595
      3.5028756      1.2264923     62.5197355     52.1216860     -1.1987893      3.1318366
      3.5107296      1.2311929     62.5129834     52.0965025     -1.1951947      3.0839836
      3.5185836      1.2358792     62.5054538     52.0709635     -1.1915263      3.0363040
      3.5264376      1.2405510     62.4971425     52.0450702     -1.1877844      2.9888013
      3.5342916      1.2452079     62.4880458     52.0188237     -1.1839692      2.9414787
      3.5421455      1.2498498     62.4781598     51.9922251     -1.1800810      2.8943398
      3.5499995      1.2544762     62.4674807     51.9652756     -1.1761200      2.8473877
      3.5578535      1.2590869     62.4560051     51.9379763     -1.1720865      2.8006259
      3.5657075      1.2636816     62.4437294     51.9103285     -1.1679807      2.7540577
      3.5735615      1.2682601     62.4306504     51.8823334     -1.1638028      2.7076863
      3.5814155      1.2728220     62.4167649     51.8539921     -1.1595531      2.6615151
      3.5892694      1.2773671     62.4020697     51.8253061     -1.1552319      2.6155472
      3.5971234      1.2818951     62.3865618     51.7962765     -1.1508394      2.5697859
      3.6049774      1.2864057     62.3702385     51.7669046     -1.1463760      2.5242345
      3.6128314      1.2908986     62.3530970     51.7371919     -1.1418418      2.4788961
      3.6206854      1.2953736     62.3351348     51.7071396     -1.1372372      2.4337739
      3.6285393      1.2998304     62.3163493     51.6767491     -1.1325625      2.3888710
      3.6363933      1.3042686     62.2967382     51.6460218     -1.1278179      2.3441906
      3.6442473      1.3086881     62.2762994     51.6149592     -1.1230037      2.2997357
      3.6521013      1.3130886     62.2550306     51.5835625     -1.1181203      2.2555095
      3.6599553      1.3174697     62.2329301     51.5518334     -1.1131678      2.2115150
      3.6678092      1.3218313     62.2099959     51.5197733     -1.1081468      2.1677552
      3.6756632      1.3261730     62.1862264     51.4873836     -1.1030573      2.1242332
      3.6835172      1.3304946     62.1616200     51.4546659     -1.0978998      2.0809520
      3.6913712      1.3347958     62.1361753     51.4216217     -1.0926746      2.0379145
      3.6992252      1.3390764     62.1098910     51.3882525     -1.0873820      1.9951237
      3.7070792      1.3433360     62.0827659     51.3545600     -1.0820224      1.9525824
      3.7149331      1.3475745     62.0547991     51.3205458     -1.0765959      1.9102937
      3.7227871      1.3517915     62.0259897     51.2862113     -1.0711031      1.8682603
      3.7306411      1.3559868     61.9963369     51.2515584     -1.0655442      1.8264851
      3.7384951      1.3601602     61.9658400     51.2165886     -1.0599196      1.7849709
      3.7463491      1.3643113     61.9344987     51.1813036     -1.0542295      1.7437205
      3.7542030      1.3684400     61.9023126     51.1457051     -1.0484745      1.7027368
      3.7620570      1.3725459     61.8692815     51.1097948     -1.0426548      1.6620224
      3.7699110      1.3766289     61.8354053     51.0735744     -1.0367707      1.6215800
      3.7777650      1.3806886     61.8006841     51.0370458     -1.0308228      1.5814124
      3.7856190      1.3847249     61.7651182     51.0002106     -1.0248112      1.5415223
      3.7934729      1.3887374     61.7287079     50.9630706     -1.0187364      1.5019121
      3.8013269      1.3927259     61.6914537     50.9256277     -1.0125988      1.4625847
      3.8091809      1.3966902     61.6533562     50.8878836     -1.0063987      1.4235425
      3.8170349      1.4006301     61.6144163     50.8498403     -1.0001365      1.3847882
      3.8248889      1.4045452     61.5746349     50.8114996     -0.9938126      1.3463242
      3.8327429      1.4084354     61.5340130     50.7728633     -0.9874275      1.3081531
      3.8405968      1.4123003     61.4925518     50.7339334     -0.9809814      1.2702773
      3.8484508      1.4161399     61.4502527     50.6947118     -0.9744748      1.2326993
      3.8563048      1.4199538     61.4071171     50.6552004     -0.9679081      1.1954215
      3.8641588      1.4237418     61.3631468     50.6154012     -0.9612817      1.1584463
      3.8720128      1.4275036     61.3183434     50.5753161     -0.9545960      1.1217760
      3.8798667      1.4312391     61.2727090     50.5349471     -0.9478514      1.0854131
      3.8877207      1.4349479     61.2262455     50.4942962     -0.9410484      1.0493598
      3.8955747      1.4386300     61.1789551     50.4533655     -0.9341873      1.0136183
      3.9034287      1.4422849     61.1308402     50.4121570     -0.9272685      0.9781910
      3.9112827      1.4459126     61.0819033     50.3706728     -0.9202926      0.9430801
      3.9191366      1.4495128     61.0321470     50.3289149     -0.9132599      0.9082877
      3.9269906      1.4530853     60.9815740     50.2868854     -0.9061709      0.8738160
      3.9348446      1.4566298     60.9301873     50.2445864     -0.8990260      0.8396672
      3.9426986      1.4601461     60.8779899     50.2020201     -0.8918256      0.8058433
      3.9505526      1.4636341     60.8249850     50.1591885     -0.8845702      0.7723464
      3.9584066      1.4670935     60.7711759     50.1160940     -0.8772603      0.7391785
      3.9662605      1.4705240     60.7165661     50.0727385     -0.8698962      0.7063417
      3.9741145      1.4739255     60.6611592     50.0291244     -0.8624785      0.6738380
      3.9819685      1.4772978     60.6049589     49.9852537     -0.8550075      0.6416693
      3.9898225      1.4806407     60.5479691     49.9411289     -0.8474839      0.6098374
      3.9976765      1.4839539     60.4901938     49.8967520     -0.8399079      0.5783444
      4.0055304      1.4872372     60.4316372     49.8521253     -0.8322802      0.5471921
      4.0133844      1.4904905     60.3723036     49.8072511     -0.8246011      0.5163822
      4.0212384      1.4937136     60.3121974     49.7621317     -0.8168711      0.4859167
      4.0290924      1.4969062     60.2513231     49.7167694     -0.8090908      0.4557972
      4.0369464      1.5000681     60.1896856     49.6711665     -0.8012605      0.4260254
      4.0448003      1.5031992     60.1272895     49.6253253     -0.7933808      0.3966032
      4.0526543      1.5062992     60.0641400     49.5792482     -0.7854522      0.3675322
      4.0605083      1.5093680     60.0002420     49.5329375     -0.7774751      0.3388139
      4.0683623      1.5124054     59.9356008     49.4863956     -0.7694501      0.3104501
      4.0762163      1.5154112     59.8702218     49.4396249     -0.7613776      0.2824423
      4.0840703      1.5183852     59.8041105     49.3926278     -0.7532581      0.2547921
      4.0919242      1.5213272     59.7372725     49.3454066     -0.7450922      0.2275009
      4.0997782      1.5242371     59.6697136     49.2979639     -0.7368803      0.2005702
      4.1076322      1.5271146     59.6014397     49.2503021     -0.7286230      0.1740015
      4.1154862      1.5299596     59.5324567     49.2024236     -0.7203207      0.1477963
      4.1233402      1.5327720     59.4627708     49.1543309     -0.7119740      0.1219559
      4.1311941      1.5355514     59.3923883     49.1060265     -0.7035834      0.0964817
      4.1390481      1.5382978     59.3213155     49.0575128     -0.6951493      0.0713749
      4.1469021      1.5410110     59.2495590     49.0087924     -0.6866724      0.0466370
      4.1547561      1.5436909     59.1771255     48.9598678     -0.6781531      0.0222690
      4.1626101      1.5463372     59.1040216     48.9107416     -0.6695920     -0.0017276
      4.1704640      1.5489498     59.0302542     48.8614162     -0.6609896     -0.0253517
      4.1783180      1.5515285     58.9558304     48.8118942     -0.6523464     -0.0486022
      4.1861720      1.5540733     58.8807573     48.7621783     -0.6436630     -0.0714779
      4.1940260      1.5565838     58.8050421     48.7122710     -0.6349399     -0.0939777
      4.2018800      1.5590600     58.7286921     48.6621748     -0.6261776     -0.1161005
      4.2097340      1.5615017     58.6517147     48.6118925     -0.6173767     -0.1378454
      4.2175879      1.5639088     58.5741177     48.5614265     -0.6085377     -0.1592112
      4.2254419      1.5662811     58.4959087     48.5107796     -0.5996611     -0.1801970
      4.2332959      1.5686185     58.4170954     48.4599543     -0.5907476     -0.2008019
      4.2411499      1.5709208     58.3376857     48.4089534     -0.5817977     -0.2210250
      4.2490039      1.5731879     58.2576878     48.3577795     -0.5728118     -0.2408653
      4.2568578      1.5754196     58.1771096     48.3064352     -0.5637906     -0.2603221
      4.2647118      1.5776158     58.0959595     48.2549233     -0.5547346     -0.2793944
      4.2725658      1.5797764     58.0142457     48.2032464     -0.5456445     -0.2980816
      4.2804198      1.5819013     57.9319768     48.1514072     -0.5365206     -0.3163828
      4.2882738      1.5839902     57.8491611     48.0994085     -0.5273637     -0.3342973
      4.2961277      1.5860431     57.7658074     48.0472530     -0.5181742     -0.3518245
      4.3039817      1.5880599     57.6819245     47.9949433     -0.5089528     -0.3689637
      4.3118357      1.5900404     57.5975210     47.9424824     -0.4997000     -0.3857142
      4.3196897      1.5919845     57.5126059     47.8898728     -0.4904163     -0.4020755
      4.3275437      1.5938921     57.4271883     47.8371174     -0.4811024     -0.4180469
      4.3353977      1.5957630     57.3412773     47.7842189     -0.4717588     -0.4336280
      4.3432516      1.5975972     57.2548820     47.7311801     -0.4623862     -0.4488183
      4.3511056      1.5993946     57.1680117     47.6780038     -0.4529850     -0.4636172
      4.3589596      1.6011549     57.0806758     47.6246929     -0.4435558     -0.4780243
      4.3668136      1.6028782     56.9928838     47.5712500     -0.4340993     -0.4920392
      4.3746676      1.6045643     56.9046452     47.5176780     -0.4246160     -0.5056615
      4.3825215      1.6062131     56.8159696     47.4639798     -0.4151066     -0.5188909
      4.3903755      1.6078245     56.7268667     47.4101581     -0.4055715     -0.5317271
      4.3982295      1.6093984     56.6373463     47.3562158     -0.3960114     -0.5441697
      4.4060835      1.6109347     56.5474182     47.3021557     -0.3864269     -0.5562185
      4.4139375      1.6124334     56.4570924     47.2479807     -0.3768185     -0.5678732
      4.4217914      1.6138942     56.3663788     47.1936937     -0.3671869     -0.5791337
      4.4296454      1.6153172     56.2752876     47.1392975     -0.3575326     -0.5899998
      4.4374994      1.6167023     56.1838289     47.0847949     -0.3478563     -0.6004714
      4.4453534      1.6180493     56.0920128     47.0301889     -0.3381586     -0.6105482
      4.4532074      1.6193581     55.9998497     46.9754824     -0.3284400     -0.6202304
      4.4610614      1.6206288     55.9073498     46.9206782     -0.3187011     -0.6295177
      4.4689153      1.6218612     55.8145236     46.8657792     -0.3089425     -0.6384102
      4.4767693      1.6230552     55.7213816     46.8107883     -0.2991649     -0.6469078
      4.4846233      1.6242108     55.6279342     46.7557085     -0.2893689     -0.6550107
      4.4924773      1.6253279     55.5341920     46.7005426     -0.2795550     -0.6627188
      4.5003313      1.6264064     55.4401656     46.6452936     -0.2697238     -0.6700323
      4.5081852      1.6274463     55.3458658     46.5899644     -0.2598760     -0.6769513
      4.5160392      1.6284474     55.2513031     46.5345579     -0.2500122     -0.6834760
      4.5238932      1.6294098     55.1564885     46.4790770     -0.2401330     -0.6896064
      4.5317472      1.6303334     55.0614326     46.4235247     -0.2302389     -0.6953428
      4.5396012      1.6312181     54.9661464     46.3679040     -0.2203307     -0.7006855
      4.5474551      1.6320639     54.8706408     46.3122178     -0.2104088     -0.7056347
      4.5553091      1.6328706     54.7749267     46.2564689     -0.2004740     -0.7101907
      4.5631631      1.6336384     54.6790150     46.2006605     -0.1905268     -0.7143538
      4.5710171      1.6343670     54.5829169     46.1447954     -0.1805679     -0.7181243
      4.5788711      1.6350565     54.4866433     46.0888766     -0.1705978     -0.7215027
      4.5867251      1.6357069     54.3902053     46.0329071     -0.1606172     -0.7244892
      4.5945790      1.6363180     54.2936140     45.9768898     -0.1506267     -0.7270845
      4.6024330      1.6368899     54.1968806     45.9208277     -0.1406269     -0.7292888
      4.6102870      1.6374225     54.1000161     45.8647238     -0.1306184     -0.7311026
      4.6181410      1.6379157     54.0030319     45.8085811     -0.1206019     -0.7325266
      4.6259950      1.6383697     53.9059391     45.7524025     -0.1105779     -0.7335611
      4.6338489      1.6387842     53.8087489     45.6961910     -0.1005471     -0.7342068
      4.6417029      1.6391594     53.7114725     45.6399496     -0.0905101     -0.7344643
      4.6495569      1.6394951     53.6141213     45.5836813     -0.0804675     -0.7343340
      4.6574109      1.6397913     53.5167064     45.5273890     -0.0704200     -0.7338168
      4.6652649      1.6400481     53.4192391     45.4710759     -0.0603681     -0.7329131
      4.6731188      1.6402655     53.3217308     45.4147447     -0.0503125     -0.7316238
      4.6809728      1.6404433     53.2241927     45.3583986     -0.0402538     -0.7299495
      4.6888268      1.6405816     53.1266362     45.3020406     -0.0301926     -0.7278909
      4.6966808      1.6406804     53.0290724     45.2456735     -0.0201295     -0.7254489
      4.7045348      1.6407397     52.9315127     45.1893005     -0.0100652     -0.7226241
      4.7123888      1.6407595     52.8339684     45.1329245     -0.0000003     -0.7194174
      4.7202427      1.6407397     52.7364508     45.0765485      0.0100646     -0.7158296
      4.7280967      1.6406804     52.6389712     45.0201755      0.0201289     -0.7118615
      4.7359507      1.6405816     52.5415408     44.9638084      0.0301920     -0.7075141
      4.7438047      1.6404433     52.4441709     44.9074504      0.0402532     -0.7027882
      4.7516587      1.6402655     52.3468728     44.8511043      0.0503119     -0.6976848
      4.7595126      1.6400482     52.2496576     44.7947731      0.0603675     -0.6922047
      4.7673666      1.6397914     52.1525366     44.7384600      0.0704194     -0.6863490
      4.7752206      1.6394951     52.0555211     44.6821677      0.0804669     -0.6801186
      4.7830746      1.6391594     51.9586221     44.6258994      0.0905095     -0.6735146
      4.7909286      1.6387842     51.8618508     44.5696580      0.1005465     -0.6665380
      4.7987825      1.6383697     51.7652184     44.5134465      0.1105773     -0.6591898
      4.8066365      1.6379158     51.6687359     44.4572679      0.1206013     -0.6514711
      4.8144905      1.6374225     51.5724145     44.4011252      0.1306178     -0.6433829
      4.8223445      1.6368899     51.4762651     44.3450213      0.1406263     -0.6349265
      4.8301985      1.6363180     51.3802988     44.2889592      0.1506261     -0.6261030
      4.8380525      1.6357069     51.2845265     44.2329419      0.1606166     -0.6169135
      4.8459064      1.6350566     51.1889592     44.1769724      0.1705972     -0.6073591
      4.8537604      1.6343671     51.0936078     44.1210536      0.1805673     -0.5974411
      4.8616144      1.6336384     50.9984831     44.0651885      0.1905262     -0.5871607
      4.8694684      1.6328707     50.9035958     44.0093800      0.2004734     -0.5765192
      4.8773224      1.6320639     50.8089569     43.9536312      0.2104083     -0.5655177
      4.8851763      1.6312182     50.7145769     43.8979449      0.2203301     -0.5541576
      4.8930303      1.6303335     50.6204666     43.8423242      0.2302384     -0.5424402
      4.9008843      1.6294099     50.5266366     43.7867719      0.2401324     -0.5303667
      4.9087383      1.6284475     50.4330973     43.7312911      0.2500116     -0.5179386
      4.9165923      1.6274463     50.3398594     43.6758846      0.2598755     -0.5051571
      4.9244462      1.6264065     50.2469332     43.6205554      0.2697233     -0.4920236
      4.9323002      1.6253279     50.1543292     43.5653063      0.2795544     -0.4785395
      4.9401542      1.6242109     50.0620576     43.5101404      0.2893683     -0.4647062
      4.9480082      1.6230553     49.9701287     43.4550606      0.2991644     -0.4505252
      4.9558622      1.6218613     49.8785527     43.4000697      0.3089420     -0.4359978
      4.9637162      1.6206289     49.7873398     43.3451707      0.3187005     -0.4211255
      4.9715701      1.6193582     49.6965000     43.2903665      0.3284394     -0.4059098
      4.9794241      1.6180493     49.6060432     43.2356600      0.3381580     -0.3903522
      4.9872781      1.6167023     49.5159794     43.1810540      0.3478558     -0.3744542
      4.9951321      1.6153173     49.4263185     43.1265514      0.3575321     -0.3582172
      5.0029861      1.6138943     49.3370701     43.0721552      0.3671863     -0.3416429
      5.0108400      1.6124335     49.2482440     43.0178681      0.3768180     -0.3247328
      5.0186940      1.6109348     49.1598498     42.9636932      0.3864263     -0.3074885
      5.0265480      1.6093985     49.0718970     42.9096331      0.3960108     -0.2899114
      5.0344020      1.6078246     48.9843950     42.8556908      0.4055709     -0.2720033
      5.0422560      1.6062132     48.8973532     42.8018691      0.4151060     -0.2537658
      5.0501099      1.6045644     48.8107808     42.7481708      0.4246155     -0.2352003
      5.0579639      1.6028783     48.7246871     42.6945989      0.4340988     -0.2163087
      5.0658179      1.6011550     48.6390811     42.6411560      0.4435553     -0.1970926
      5.0736719      1.5993947     48.5539719     42.5878450      0.4529844     -0.1775535
      5.0815259      1.5975973     48.4693683     42.5346687      0.4623856     -0.1576933
      5.0893799      1.5957631     48.3852791     42.4816299      0.4717583     -0.1375136
      5.0972338      1.5938922     48.3017130     42.4287314      0.4811019     -0.1170160
      5.1050878      1.5919846     48.2186788     42.3759760      0.4904158     -0.0962024
      5.1129418      1.5900405     48.1361848     42.3233664      0.4996994     -0.0750744
      5.1207958      1.5880600     48.0542395     42.2709054      0.5089523     -0.0536338
      5.1286498      1.5860433     47.9728513     42.2185958      0.5181737     -0.0318824
      5.1365037      1.5839903     47.8920282     42.1664403      0.5273632     -0.0098219
      5.1443577      1.5819014     47.8117785     42.1144415      0.5365201      0.0125459
      5.1522117      1.5797766     47.7321102     42.0626024      0.5456439      0.0352192
      5.1600657      1.5776160     47.6530310     42.0109255      0.5547341      0.0581963
      5.1679197      1.5754197     47.5745489     41.9594135      0.5637901      0.0814752
      5.1757736      1.5731880     47.4966714     41.9080692      0.5728113      0.1050542
      5.1836276      1.5709209     47.4194062     41.8568953      0.5817971      0.1289314
      5.1914816      1.5686186     47.3427607     41.8058944      0.5907471      0.1531050
      5.1993356      1.5662813     47.2667421     41.7550691      0.5996606      0.1775731
      5.2071896      1.5639090     47.1913578     41.7044222      0.6085372      0.2023338
      5.2150436      1.5615019     47.1166149     41.6539562      0.6173762      0.2273854
      5.2228975      1.5590602     47.0425203     41.6036738      0.6261771      0.2527259
      5.2307515      1.5565839     46.9690808     41.5535777      0.6349394      0.2783533
      5.2386055      1.5540734     46.8963033     41.5036703      0.6436625      0.3042659
      5.2464595      1.5515287     46.8241943     41.4539544      0.6523459      0.3304616
      5.2543135      1.5489499     46.7527604     41.4044324      0.6609891      0.3569386
      5.2621674      1.5463373     46.6820078     41.3551070      0.6695915      0.3836949
      5.2700214      1.5436910     46.6119430     41.3059808      0.6781526      0.4107286
      5.2778754      1.5410112     46.5425720     41.2570562      0.6866719      0.4380378
      5.2857294      1.5382980     46.4739008     41.2083358      0.6951488      0.4656204
      5.2935834      1.5355516     46.4059353     41.1598221      0.7035829      0.4934745
      5.3014373      1.5327721     46.3386812     41.1115176      0.7119735      0.5215982
      5.3092913      1.5299598     46.2721441     41.0634249      0.7203202      0.5499895
      5.3171453      1.5271148     46.2063296     41.0155464      0.7286225      0.5786463
      5.3249993      1.5242373     46.1412430     40.9678845      0.7368799      0.6075667
      5.3328533      1.5213274     46.0768895     40.9204418      0.7450917      0.6367487
      5.3407073      1.5183854     46.0132742     40.8732207      0.7532577      0.6661903
      5.3485612      1.5154114     45.9504021     40.8262236      0.7613771      0.6958894
      5.3564152      1.5124056     45.8882780     40.7794528      0.7694496      0.7258441
      5.3642692      1.5093682     45.8269066     40.7329109      0.7774747      0.7560522
      5.3721232      1.5062994     45.7662925     40.6866002      0.7854517      0.7865119
      5.3799772      1.5031994     45.7064400     40.6405231      0.7933804      0.8172209
      5.3878311      1.5000683     45.6473536     40.5946819      0.8012600      0.8481774
      5.3956851      1.4969063     45.5890372     40.5490789      0.8090903      0.8793792
      5.4035391      1.4937138     45.5314951     40.5037166      0.8168707      0.9108243
      5.4113931      1.4904907     45.4747309     40.4585972      0.8246006      0.9425106
      5.4192471      1.4872374     45.4187485     40.4137230      0.8322797      0.9744360
      5.4271010      1.4839541     45.3635515     40.3690964      0.8399075      1.0065985
      5.4349550      1.4806409     45.3091433     40.3247194      0.8474834      1.0389961
      5.4428090      1.4772980     45.2555273     40.2805945      0.8550071      1.0716265
      5.4506630      1.4739257     45.2027066     40.2367239      0.8624780      1.1044878
      5.4585170      1.4705242     45.1506843     40.1931097      0.8698958      1.1375778
      5.4663710      1.4670937     45.0994633     40.1497543      0.8772598      1.1708944
      5.4742249      1.4636343     45.0490464     40.1066597      0.8845698      1.2044356
      5.4820789      1.4601463     44.9994362     40.0638281      0.8918252      1.2381993
      5.4899329      1.4566300     44.9506352     40.0212618      0.8990256      1.2721833
      5.4977869      1.4530855     44.9026457     39.9789628      0.9061705      1.3063855
      5.5056409      1.4495130     44.8554700     39.9369333      0.9132595      1.3408038
      5.5134948      1.4459128     44.8091101     39.8951754      0.9202922      1.3754361
      5.5213488      1.4422851     44.7635679     39.8536911      0.9272681      1.4102802
      5.5292028      1.4386302     44.7188452     39.8124826      0.9341869      1.4453342
      5.5370568      1.4349481     44.6749437     39.7715519      0.9410480      1.4805957
      5.5449108      1.4312393     44.6318648     39.7309010      0.9478510      1.5160627
      5.5527647      1.4275038     44.5896100     39.6905320      0.9545956      1.5517331
      5.5606187      1.4237420     44.5481804     39.6504469      0.9612813      1.5876046
      5.5684727      1.4199540     44.5075772     39.6106476      0.9679077      1.6236753
      5.5763267      1.4161401     44.4678012     39.5711362      0.9744744      1.6599429
      5.5841807      1.4123006     44.4288533     39.5319146      0.9809810      1.6964053
      5.5920347      1.4084356     44.3907341     39.4929846      0.9874271      1.7330603
      5.5998886      1.4045454     44.3534443     39.4543484      0.9938123      1.7699058
      5.6077426      1.4006303     44.3169840     39.4160076      1.0001361      1.8069397
      5.6155966      1.3966904     44.2813537     39.3779643      1.0063983      1.8441598
      5.6234506      1.3927261     44.2465534     39.3402202      1.0125984      1.8815639
      5.6313046      1.3887376     44.2125830     39.3027773      1.0187360      1.9191499
      5.6391585      1.3847251     44.1794425     39.2656373      1.0248108      1.9569156
      5.6470125      1.3806888     44.1471315     39.2288021      1.0308224      1.9948589
      5.6548665      1.3766291     44.1156495     39.1922734      1.0367704      2.0329776
      5.6627205      1.3725461     44.0849960     39.1560530      1.0426544      2.0712696
      5.6705745      1.3684402     44.0551703     39.1201427      1.0484742      2.1097326
      5.6784284      1.3643115     44.0261715     39.0845442      1.0542292      2.1483646
      5.6862824      1.3601604     43.9979987     39.0492592      1.0599192      2.1871633
      5.6941364      1.3559870     43.9706507     39.0142894      1.0655439      2.2261266
      5.7019904      1.3517917     43.9441262     38.9796364      1.0711028      2.2652524
      5.7098444      1.3475747     43.9184240     38.9453020      1.0765956      2.3045383
      5.7176984      1.3433362     43.8935425     38.9112877      1.0820220      2.3439824
      5.7255523      1.3390766     43.8694800     38.8775952      1.0873817      2.3835824
      5.7334063      1.3347961     43.8462347     38.8442260      1.0926743      2.4233361
      5.7412603      1.3304949     43.8238048     38.8111818      1.0978995      2.4632414
      5.7491143      1.3261733     43.8021883     38.7784641      1.1030570      2.5032961
      5.7569683      1.3218316     43.7813829     38.7460743      1.1081465      2.5434980
      5.7648222      1.3174700     43.7613865     38.7140142      1.1131676      2.5838450
      5.7726762      1.3130888     43.7421964     38.6822850      1.1181200      2.6243348
      5.7805302      1.3086884     43.7238104     38.6508884      1.1230034      2.6649654
      5.7883842      1.3042689     43.7062256     38.6198257      1.1278176      2.7057345
      5.7962382      1.2998306     43.6894393     38.5890984      1.1325622      2.7466400
      5.8040921      1.2953739     43.6734485     38.5587079      1.1372370      2.7876796
      5.8119461      1.2908989     43.6582504     38.5286556      1.1418416      2.8288513
      5.8198001      1.2864059     43.6438416     38.4989428      1.1463757      2.8701528
      5.8276541      1.2818954     43.6302190     38.4695710      1.1508392      2.9115819
      5.8355081      1.2773674     43.6173791     38.4405414      1.1552317      2.9531366
      5.8433621      1.2728223     43.6053185     38.4118553      1.1595529      2.9948146
      5.8512160      1.2682604     43.5940335     38.3835140      1.1638025      3.0366137
      5.8590700      1.2636819     43.5835205     38.3555188      1.1679804      3.0785318
      5.8669240      1.2590872     43.5737755     38.3278710      1.1720863      3.1205667
      5.8747780      1.2544764     43.5647946     38.3005717      1.1761198      3.1627162
      5.8826320      1.2498500     43.5565737     38.2736222      1.1800808      3.2049781
      5.8904859      1.2452082     43.5491087     38.2470235      1.1839690      3.2473504
      5.8983399      1.2405513     43.5423953     38.2207770      1.1877841      3.2898307
      5.9061939      1.2358795     43.5364291     38.1948837      1.1915260      3.3324170
      5.9140479      1.2311931     43.5312055     38.1693447      1.1951944      3.3751070
      5.9219019      1.2264925     43.5267201     38.1441611      1.1987891      3.4178986
      5.9297558      1.2217780     43.5229680     38.1193341      1.2023098      3.4607896
      5.9376098      1.2170497     43.5199446     38.0948646      1.2057564      3.5037779
      5.9454638      1.2123081     43.5176448     38.0707536      1.2091286      3.5468612
      5.9533178      1.2075533     43.5160637     38.0470022      1.2124262      3.5900375
      5.9611718      1.2027858     43.5151961     38.0236113      1.2156490      3.6333045
      5.9690258      1.1980057     43.5150370     38.0005820      1.2187968      3.6766600
      5.9768797      1.1932135     43.5155809     37.9779151      1.2218695      3.7201020
      5.9847337      1.1884093     43.5168226     37.9556115      1.2248667      3.7636281
      5.9925877      1.1835935     43.5187565     37.9336722      1.2277885      3.8072364
      6.0004417      1.1787664     43.5213770     37.9120980      1.2306344      3.8509245
      6.0082957      1.1739282     43.5246786     37.8908898      1.2334045      3.8946904
      6.0161496      1.1690793     43.5286555     37.8700483      1.2360985      3.9385318
      6.0240036      1.1642200     43.5333019     37.8495745      1.2387162      3.9824466
      6.0318576      1.1593506     43.5386118     37.8294690      1.2412576      4.0264326
      6.0397116      1.1544713     43.5445793     37.8097326      1.2437223      4.0704878
      6.0475656      1.1495825     43.5511983     37.7903661      1.2461104      4.1146098
      6.0554195      1.1446845     43.5584626     37.7713701      1.2484216      4.1587965
      6.0632735      1.1397775     43.5663662     37.7527454      1.2506557      4.2030458
      6.0711275      1.1348620     43.5749026     37.7344926      1.2528128      4.2473556
      6.0789815      1.1299381     43.5840654     37.7166124      1.2548925      4.2917236
      6.0868355      1.1250062     43.5938484     37.6991053      1.2568948      4.3361476
      6.0946895      1.1200665     43.6042448     37.6819720      1.2588196      4.3806256
      6.1025434      1.1151195     43.6152483     37.6652131      1.2606668      4.4251554
      6.1103974      1.1101654     43.6268520     37.6488290      1.2624362      4.4697347
      6.1182514      1.1052045     43.6390494     37.6328204      1.2641277      4.5143615
      6.1261054      1.1002371     43.6518336     37.6171877      1.2657413      4.5590336
      6.1339594      1.0952635     43.6651979     37.6019314      1.2672767      4.6037489
      6.1418133      1.0902840     43.6791352     37.5870519      1.2687340      4.6485050
      6.1496673      1.0852989     43.6936388     37.5725498      1.2701130      4.6933000
      6.1575213      1.0803086     43.7087015     37.5584253      1.2714137      4.7381317
      6.1653753      1.0753134     43.7243163     37.5446789      1.2726360      4.7829978
      6.1732293      1.0703135     43.7404762     37.5313110      1.2737797      4.8278963
      6.1810832      1.0653092     43.7571739     37.5183219      1.2748449      4.8728249
      6.1889372      1.0603010     43.7744023     37.5057118      1.2758315      4.9177816
      6.1967912      1.0552890     43.7921541     37.4934812      1.2767393      4.9627641
      6.2046452      1.0502736     43.8104220     37.4816303      1.2775684      5.0077704
      6.2124992      1.0452551     43.8291986     37.4701592      1.2783187      5.0527982
      6.2203532      1.0402338     43.8484767     37.4590684      1.2789901      5.0978454
      6.2282071      1.0352100     43.8682487     37.4483578      1.2795827      5.1429098
      6.2360611      1.0301841     43.8885072     37.4380278      1.2800963      5.1879893
      6.2439151      1.0251563     43.9092448     37.4280784      1.2805309      5.2330817
      6.2517691      1.0201269     43.9304538     37.4185098      1.2808866      5.2781850
      6.2596231      1.0150963     43.9521269     37.4093222      1.2811632      5.3232968
      6.2674770      1.0100648     43.9742563     37.4005155      1.2813608      5.3684151
      6.2753310      1.0050327     43.9968344     37.3920899      1.2814794      5.4135377
      6.2831850      1.0000002     44.0198537     37.3840454      1.2815189      5.4586625
