      0.0000000     52.8660778     43.6672304
      0.0078540     52.9051594     43.6752749
      0.0157080     52.9445088     43.6837005
      0.0235619     52.9841181     43.6925071
      0.0314159     53.0239797     43.7016948
      0.0392699     53.0640860     43.7112633
      0.0471239     53.1044291     43.7212127
      0.0549779     53.1450014     43.7315427
      0.0628319     53.1857952     43.7422532
      0.0706858     53.2268027     43.7533441
      0.0785398     53.2680164     43.7648151
      0.0863938     53.3094283     43.7766661
      0.0942478     53.3510310     43.7888967
      0.1021018     53.3928166     43.8015067
      0.1099557     53.4347775     43.8144958
      0.1178097     53.4769061     43.8278637
      0.1256637     53.5191947     43.8416101
      0.1335177     53.5616356     43.8557345
      0.1413717     53.6042213     43.8702367
      0.1492256     53.6469441     43.8851161
      0.1570796     53.6897965     43.9003724
      0.1649336     53.7327710     43.9160051
      0.1727876     53.7758599     43.9320137
      0.1806416     53.8190559     43.9483978
      0.1884956     53.8623514     43.9651567
      0.1963495     53.9057390     43.9822900
      0.2042035     53.9492114     43.9997970
      0.2120575     53.9927610     44.0176772
      0.2199115     54.0363806     44.0359300
      0.2277655     54.0800629     44.0545547
      0.2356194     54.1238007     44.0735507
      0.2434734     54.1675866     44.0929172
      0.2513274     54.2114136     44.1126535
      0.2591814     54.2552745     44.1327590
      0.2670354     54.2991621     44.1532329
      0.2748893     54.3430696     44.1740743
      0.2827433     54.3869898     44.1952825
      0.2905973     54.4309159     44.2168567
      0.2984513     54.4748409     44.2387960
      0.3063053     54.5187581     44.2610995
      0.3141593     54.5626605     44.2837664
      0.3220132     54.6065416     44.3067957
      0.3298672     54.6503947     44.3301866
      0.3377212     54.6942131     44.3539380
      0.3455752     54.7379903     44.3780489
      0.3534292     54.7817198     44.4025184
      0.3612831     54.8253953     44.4273455
      0.3691371     54.8690103     44.4525290
      0.3769911     54.9125586     44.4780680
      0.3848451     54.9560339     44.5039613
      0.3926991     54.9994302     44.5302078
      0.4005530     55.0427414     44.5568064
      0.4084070     55.0859613     44.5837560
      0.4162610     55.1290843     44.6110552
      0.4241150     55.1721043     44.6387031
      0.4319690     55.2150156     44.6666982
      0.4398230     55.2578125     44.6950395
      0.4476769     55.3004894     44.7237255
      0.4555309     55.3430408     44.7527552
      0.4633849     55.3854611     44.7821270
      0.4712389     55.4277451     44.8118397
      0.4790929     55.4698875     44.8418920
      0.4869468     55.5118829     44.8722825
      0.4948008     55.5537264     44.9030098
      0.5026548     55.5954129     44.9340725
      0.5105088     55.6369374     44.9654691
      0.5183628     55.6782951     44.9971983
      0.5262167     55.7194812     45.0292584
      0.5340707     55.7604911     45.0616481
      0.5419247     55.8013201     45.0943658
      0.5497787     55.8419638     45.1274100
      0.5576327     55.8824178     45.1607792
      0.5654867     55.9226777     45.1944717
      0.5733406     55.9627394     45.2284860
      0.5811946     56.0025988     45.2628204
      0.5890486     56.0422519     45.2974733
      0.5969026     56.0816946     45.3324431
      0.6047566     56.1209233     45.3677281
      0.6126105     56.1599342     45.4033267
      0.6204645     56.1987237     45.4392370
      0.6283185     56.2372882     45.4754573
      0.6361725     56.2756244     45.5119860
      0.6440265     56.3137289     45.5488212
      0.6518804     56.3515985     45.5859612
      0.6597344     56.3892301     45.6234041
      0.6675884     56.4266207     45.6611481
      0.6754424     56.4637674     45.6991915
      0.6832964     56.5006674     45.7375322
      0.6911504     56.5373180     45.7761685
      0.6990043     56.5737167     45.8150984
      0.7068583     56.6098608     45.8543200
      0.7147123     56.6457481     45.8938314
      0.7225663     56.6813762     45.9336307
      0.7304203     56.7167431     45.9737158
      0.7382742     56.7518466     46.0140848
      0.7461282     56.7866847     46.0547356
      0.7539822     56.8212557     46.0956663
      0.7618362     56.8555579     46.1368748
      0.7696902     56.8895894     46.1783591
      0.7775441     56.9233490     46.2201170
      0.7853981     56.9568350     46.2621465
      0.7932521     56.9900462     46.3044455
      0.8011061     57.0229815     46.3470118
      0.8089601     57.0556396     46.3898433
      0.8168141     57.0880197     46.4329379
      0.8246680     57.1201208     46.4762934
      0.8325220     57.1519421     46.5199075
      0.8403760     57.1834830     46.5637782
      0.8482300     57.2147430     46.6079030
      0.8560840     57.2457215     46.6522800
      0.8639379     57.2764183     46.6969066
      0.8717919     57.3068330     46.7417808
      0.8796459     57.3369655     46.7869002
      0.8874999     57.3668159     46.8322625
      0.8953539     57.3963842     46.8778654
      0.9032078     57.4256705     46.9237066
      0.9110618     57.4546752     46.9697837
      0.9189158     57.4833986     47.0160944
      0.9267698     57.5118412     47.0626363
      0.9346238     57.5400036     47.1094071
      0.9424778     57.5678866     47.1564042
      0.9503317     57.5954908     47.2036253
      0.9581857     57.6228173     47.2510680
      0.9660397     57.6498670     47.2987299
      0.9738937     57.6766410     47.3466084
      0.9817477     57.7031406     47.3947011
      0.9896016     57.7293669     47.4430055
      0.9974556     57.7553215     47.4915192
      1.0053096     57.7810058     47.5402396
      1.0131636     57.8064214     47.5891642
      1.0210176     57.8315700     47.6382904
      1.0288715     57.8564534     47.6876158
      1.0367255     57.8810735     47.7371378
      1.0445795     57.9054322     47.7868537
      1.0524335     57.9295316     47.8367610
      1.0602875     57.9533739     47.8868572
      1.0681415     57.9769613     47.9371396
      1.0759954     58.0002962     47.9876055
      1.0838494     58.0233810     48.0382525
      1.0917034     58.0462182     48.0890777
      1.0995574     58.0688104     48.1400786
      1.1074114     58.0911603     48.1912526
      1.1152653     58.1132707     48.2425969
      1.1231193     58.1351444     48.2941088
      1.1309733     58.1567845     48.3457857
      1.1388273     58.1781938     48.3976249
      1.1466813     58.1993756     48.4496236
      1.1545352     58.2203330     48.5017791
      1.1623892     58.2410692     48.5540887
      1.1702432     58.2615877     48.6065497
      1.1780972     58.2818918     48.6591593
      1.1859512     58.3019850     48.7119147
      1.1938052     58.3218709     48.7648132
      1.2016591     58.3415532     48.8178520
      1.2095131     58.3610355     48.8710282
      1.2173671     58.3803216     48.9243392
      1.2252211     58.3994153     48.9777821
      1.2330751     58.4183206     49.0313541
      1.2409290     58.4370415     49.0850523
      1.2487830     58.4555820     49.1388740
      1.2566370     58.4739462     49.1928163
      1.2644910     58.4921382     49.2468764
      1.2723450     58.5101623     49.3010514
      1.2801989     58.5280228     49.3553384
      1.2880529     58.5457241     49.4097346
      1.2959069     58.5632704     49.4642372
      1.3037609     58.5806663     49.5188432
      1.3116149     58.5979163     49.5735497
      1.3194689     58.6150249     49.6283539
      1.3273228     58.6319967     49.6832529
      1.3351768     58.6488364     49.7382438
      1.3430308     58.6655486     49.7933236
      1.3508848     58.6821382     49.8484895
      1.3587388     58.6986098     49.9037385
      1.3665927     58.7149684     49.9590678
      1.3744467     58.7312188     50.0144743
      1.3823007     58.7473658     50.0699551
      1.3901547     58.7634145     50.1255074
      1.3980087     58.7793698     50.1811281
      1.4058626     58.7952366     50.2368144
      1.4137166     58.8110202     50.2925632
      1.4215706     58.8267254     50.3483716
      1.4294246     58.8423574     50.4042367
      1.4372786     58.8579214     50.4601555
      1.4451326     58.8734225     50.5161250
      1.4529865     58.8888657     50.5721423
      1.4608405     58.9042565     50.6282044
      1.4686945     58.9195999     50.6843083
      1.4765485     58.9349011     50.7404511
      1.4844025     58.9501655     50.7966297
      1.4922564     58.9653983     50.8528412
      1.5001104     58.9806047     50.9090826
      1.5079644     58.9957901     50.9653509
      1.5158184     59.0109596     51.0216431
      1.5236724     59.0261188     51.0779563
      1.5315263     59.0412727     51.1342874
      1.5393803     59.0564268     51.1906335
      1.5472343     59.0715863     51.2469916
      1.5550883     59.0867566     51.3033586
      1.5629423     59.1019430     51.3597316
      1.5707963     59.1171508     51.4161076
      1.5786502     59.1323852     51.4724837
      1.5865042     59.1476516     51.5288567
      1.5943582     59.1629553     51.5852237
      1.6022122     59.1783016     51.6415818
      1.6100662     59.1936956     51.6979279
      1.6179201     59.2091427     51.7542590
      1.6257741     59.2246481     51.8105722
      1.6336281     59.2402170     51.8668644
      1.6414821     59.2558546     51.9231327
      1.6493361     59.2715661     51.9793741
      1.6571900     59.2873567     52.0355856
      1.6650440     59.3032314     52.0917642
      1.6728980     59.3191955     52.1479070
      1.6807520     59.3352539     52.2040109
      1.6886060     59.3514118     52.2600729
      1.6964600     59.3676741     52.3160902
      1.7043139     59.3840459     52.3720598
      1.7121679     59.4005320     52.4279786
      1.7200219     59.4171375     52.4838437
      1.7278759     59.4338672     52.5396521
      1.7357299     59.4507259     52.5954009
      1.7435838     59.4677184     52.6510872
      1.7514378     59.4848496     52.7067079
      1.7592918     59.5021241     52.7622602
      1.7671458     59.5195465     52.8177410
      1.7749998     59.5371216     52.8731475
      1.7828537     59.5548539     52.9284768
      1.7907077     59.5727479     52.9837258
      1.7985617     59.5908081     53.0388917
      1.8064157     59.6090389     53.0939715
      1.8142697     59.6274447     53.1489624
      1.8221237     59.6460298     53.2038614
      1.8299776     59.6647984     53.2586656
      1.8378316     59.6837547     53.3133722
      1.8456856     59.7029029     53.3679781
      1.8535396     59.7222471     53.4224807
      1.8613936     59.7417912     53.4768769
      1.8692475     59.7615392     53.5311640
      1.8771015     59.7814949     53.5853389
      1.8849555     59.8016622     53.6393990
      1.8928095     59.8220448     53.6933413
      1.9006635     59.8426464     53.7471630
      1.9085174     59.8634706     53.8008612
      1.9163714     59.8845209     53.8544332
      1.9242254     59.9058007     53.9078761
      1.9320794     59.9273134     53.9611871
      1.9399334     59.9490623     54.0143634
      1.9477874     59.9710507     54.0674022
      1.9556413     59.9932817     54.1203006
      1.9634953     60.0157583     54.1730561
      1.9713493     60.0384834     54.2256656
      1.9792033     60.0614601     54.2781266
      1.9870573     60.0846912     54.3304363
      1.9949112     60.1081792     54.3825918
      2.0027652     60.1319270     54.4345905
      2.0106192     60.1559369     54.4864297
      2.0184732     60.1802116     54.5381066
      2.0263272     60.2047534     54.5896185
      2.0341811     60.2295645     54.6409628
      2.0420351     60.2546472     54.6921367
      2.0498891     60.2800035     54.7431377
      2.0577431     60.3056355     54.7939629
      2.0655971     60.3315451     54.8446099
      2.0734511     60.3577341     54.8950758
      2.0813050     60.3842042     54.9453582
      2.0891590     60.4109571     54.9954544
      2.0970130     60.4379942     55.0453617
      2.1048670     60.4653171     55.0950776
      2.1127210     60.4929271     55.1445996
      2.1205749     60.5208254     55.1939250
      2.1284289     60.5490131     55.2430512
      2.1362829     60.5774913     55.2919758
      2.1441369     60.6062609     55.3406962
      2.1519909     60.6353227     55.3892099
      2.1598448     60.6646775     55.4375143
      2.1676988     60.6943259     55.4856071
      2.1755528     60.7242684     55.5334856
      2.1834068     60.7545055     55.5811474
      2.1912608     60.7850375     55.6285901
      2.1991148     60.8158645     55.6758113
      2.2069687     60.8469867     55.7228084
      2.2148227     60.8784040     55.7695791
      2.2226767     60.9101165     55.8161210
      2.2305307     60.9421237     55.8624317
      2.2383847     60.9744256     55.9085089
      2.2462386     61.0070215     55.9543501
      2.2540926     61.0399110     55.9999530
      2.2619466     61.0730935     56.0453153
      2.2698006     61.1065681     56.0904347
      2.2776546     61.1403341     56.1353089
      2.2855085     61.1743905     56.1799356
      2.2933625     61.2087361     56.2243125
      2.3012165     61.2433699     56.2684374
      2.3090705     61.2782905     56.3123080
      2.3169245     61.3134966     56.3559221
      2.3247785     61.3489865     56.3992776
      2.3326324     61.3847588     56.4423722
      2.3404864     61.4208117     56.4852037
      2.3483404     61.4571434     56.5277701
      2.3561944     61.4937519     56.5700691
      2.3640484     61.5306352     56.6120986
      2.3719023     61.5677911     56.6538565
      2.3797563     61.6052175     56.6953408
      2.3876103     61.6429118     56.7365493
      2.3954643     61.6808717     56.7774800
      2.4033183     61.7190946     56.8181308
      2.4111722     61.7575777     56.8584998
      2.4190262     61.7963184     56.8985849
      2.4268802     61.8353137     56.9383842
      2.4347342     61.8745606     56.9778956
      2.4425882     61.9140560     57.0171172
      2.4504422     61.9537967     57.0560472
      2.4582961     61.9937794     57.0946834
      2.4661501     62.0340006     57.1330242
      2.4740041     62.0744570     57.1710675
      2.4818581     62.1151448     57.2088115
      2.4897121     62.1560603     57.2462545
      2.4975660     62.1971997     57.2833944
      2.5054200     62.2385591     57.3202297
      2.5132740     62.2801345     57.3567583
      2.5211280     62.3219218     57.3929787
      2.5289820     62.3639167     57.4288890
      2.5368359     62.4061150     57.4644875
      2.5446899     62.4485122     57.4997726
      2.5525439     62.4911038     57.5347424
      2.5603979     62.5338853     57.5693953
      2.5682519     62.5768520     57.6037298
      2.5761059     62.6199990     57.6377440
      2.5839598     62.6633215     57.6714365
      2.5918138     62.7068146     57.7048057
      2.5996678     62.7504732     57.7378499
      2.6075218     62.7942921     57.7705676
      2.6153758     62.8382662     57.8029573
      2.6232297     62.8823900     57.8350175
      2.6310837     62.9266583     57.8667466
      2.6389377     62.9710655     57.8981433
      2.6467917     63.0156061     57.9292059
      2.6546457     63.0602744     57.9599332
      2.6624996     63.1050647     57.9903237
      2.6703536     63.1499711     58.0203760
      2.6782076     63.1949879     58.0500888
      2.6860616     63.2401090     58.0794606
      2.6939156     63.2853283     58.1084903
      2.7017696     63.3306399     58.1371763
      2.7096235     63.3760374     58.1655176
      2.7174775     63.4215147     58.1935128
      2.7253315     63.4670654     58.2211606
      2.7331855     63.5126831     58.2484599
      2.7410395     63.5583613     58.2754094
      2.7488934     63.6040936     58.3020080
      2.7567474     63.6498732     58.3282546
      2.7646014     63.6956936     58.3541479
      2.7724554     63.7415481     58.3796868
      2.7803094     63.7874297     58.4048704
      2.7881633     63.8333318     58.4296974
      2.7960173     63.8792474     58.4541670
      2.8038713     63.9251696     58.4782779
      2.8117253     63.9710912     58.5020293
      2.8195793     64.0170054     58.5254202
      2.8274333     64.0629050     58.5484495
      2.8352872     64.1087827     58.5711164
      2.8431412     64.1546315     58.5934200
      2.8509952     64.2004440     58.6153593
      2.8588492     64.2462129     58.6369334
      2.8667032     64.2919310     58.6581417
      2.8745571     64.3375908     58.6789831
      2.8824111     64.3831848     58.6994570
      2.8902651     64.4287057     58.7195625
      2.8981191     64.4741460     58.7392988
      2.9059731     64.5194980     58.7586653
      2.9138270     64.5647543     58.7776613
      2.9216810     64.6099073     58.7962860
      2.9295350     64.6549492     58.8145388
      2.9373890     64.6998726     58.8324190
      2.9452430     64.7446696     58.8499261
      2.9530970     64.7893327     58.8670593
      2.9609509     64.8338540     58.8838183
      2.9688049     64.8782258     58.9002023
      2.9766589     64.9224405     58.9162109
      2.9845129     64.9664901     58.9318437
      2.9923669     65.0103670     58.9471000
      3.0002208     65.0540633     58.9619794
      3.0080748     65.0975711     58.9764816
      3.0159288     65.1408828     58.9906060
      3.0237828     65.1839904     59.0043524
      3.0316368     65.2268861     59.0177203
      3.0394907     65.2695621     59.0307094
      3.0473447     65.3120105     59.0433195
      3.0551987     65.3542235     59.0555501
      3.0630527     65.3961933     59.0674010
      3.0709067     65.4379120     59.0788720
      3.0787607     65.4793718     59.0899629
      3.0866146     65.5205649     59.1006735
      3.0944686     65.5614835     59.1110035
      3.1023226     65.6021198     59.1209528
      3.1101766     65.6424660     59.1305214
      3.1180306     65.6825143     59.1397090
      3.1258845     65.7222570     59.1485157
      3.1337385     65.7616864     59.1569413
      3.1415925     65.8007948     59.1649859
      3.1494465     65.8395744     59.1726493
      3.1573005     65.8780176     59.1799317
      3.1651544     65.9161169     59.1868330
      3.1730084     65.9538645     59.1933533
      3.1808624     65.9912529     59.1994927
      3.1887164     66.0282746     59.2052513
      3.1965704     66.0649220     59.2106293
      3.2044244     66.1011878     59.2156267
      3.2122783     66.1370644     59.2202438
      3.2201323     66.1725445     59.2244808
      3.2279863     66.2076208     59.2283378
      3.2358403     66.2422858     59.2318152
      3.2436943     66.2765325     59.2349131
      3.2515482     66.3103535     59.2376320
      3.2594022     66.3437418     59.2399721
      3.2672562     66.3766901     59.2419337
      3.2751102     66.4091915     59.2435172
      3.2829642     66.4412389     59.2447230
      3.2908181     66.4728254     59.2455515
      3.2986721     66.5039441     59.2460032
      3.3065261     66.5345882     59.2460785
      3.3143801     66.5647509     59.2457778
      3.3222341     66.5944256     59.2451017
      3.3300881     66.6236055     59.2440508
      3.3379420     66.6522841     59.2426255
      3.3457960     66.6804550     59.2408264
      3.3536500     66.7081116     59.2386542
      3.3615040     66.7352477     59.2361093
      3.3693580     66.7618570     59.2331926
      3.3772119     66.7879331     59.2299046
      3.3850659     66.8134701     59.2262461
      3.3929199     66.8384619     59.2222177
      3.4007739     66.8629024     59.2178202
      3.4086279     66.8867859     59.2130543
      3.4164818     66.9101064     59.2079209
      3.4243358     66.9328583     59.2024206
      3.4321898     66.9550359     59.1965544
      3.4400438     66.9766338     59.1903231
      3.4478978     66.9976464     59.1837275
      3.4557518     67.0180683     59.1767686
      3.4636057     67.0378944     59.1694472
      3.4714597     67.0571193     59.1617644
      3.4793137     67.0757381     59.1537209
      3.4871677     67.0937457     59.1453180
      3.4950217     67.1111373     59.1365564
      3.5028756     67.1279081     59.1274373
      3.5107296     67.1440533     59.1179617
      3.5185836     67.1595684     59.1081307
      3.5264376     67.1744490     59.0979454
      3.5342916     67.1886905     59.0874069
      3.5421455     67.2022888     59.0765162
      3.5499995     67.2152397     59.0652747
      3.5578535     67.2275391     59.0536834
      3.5657075     67.2391831     59.0417435
      3.5735615     67.2501678     59.0294563
      3.5814155     67.2604896     59.0168230
      3.5892694     67.2701447     59.0038449
      3.5971234     67.2791298     58.9905233
      3.6049774     67.2874413     58.9768594
      3.6128314     67.2950761     58.9628546
      3.6206854     67.3020310     58.9485103
      3.6285393     67.3083030     58.9338278
      3.6363933     67.3138891     58.9188085
      3.6442473     67.3187865     58.9034538
      3.6521013     67.3229927     58.8877651
      3.6599553     67.3265049     58.8717439
      3.6678092     67.3293208     58.8553918
      3.6756632     67.3314382     58.8387100
      3.6835172     67.3328547     58.8217003
      3.6913712     67.3335684     58.8043640
      3.6992252     67.3335773     58.7867029
      3.7070792     67.3328795     58.7687183
      3.7149331     67.3314736     58.7504120
      3.7227871     67.3293577     58.7317856
      3.7306411     67.3265307     58.7128406
      3.7384951     67.3229911     58.6935788
      3.7463491     67.3187378     58.6740017
      3.7542030     67.3137697     58.6541112
      3.7620570     67.3080860     58.6339088
      3.7699110     67.3016858     58.6133964
      3.7777650     67.2945686     58.5925757
      3.7856190     67.2867338     58.5714485
      3.7934729     67.2781810     58.5500165
      3.8013269     67.2689100     58.5282815
      3.8091809     67.2589207     58.5062455
      3.8170349     67.2482131     58.4839101
      3.8248889     67.2367874     58.4612773
      3.8327429     67.2246437     58.4383490
      3.8405968     67.2117827     58.4151271
      3.8484508     67.1982047     58.3916134
      3.8563048     67.1839105     58.3678100
      3.8641588     67.1689009     58.3437187
      3.8720128     67.1531770     58.3193416
      3.8798667     67.1367396     58.2946806
      3.8877207     67.1195902     58.2697377
      3.8955747     67.1017300     58.2445149
      3.9034287     67.0831605     58.2190144
      3.9112827     67.0638834     58.1932381
      3.9191366     67.0439004     58.1671882
      3.9269906     67.0232135     58.1408666
      3.9348446     67.0018246     58.1142756
      3.9426986     66.9797359     58.0874173
      3.9505526     66.9569497     58.0602937
      3.9584066     66.9334685     58.0329071
      3.9662605     66.9092948     58.0052596
      3.9741145     66.8844313     57.9773534
      3.9819685     66.8588808     57.9491907
      3.9898225     66.8326463     57.9207738
      3.9976765     66.8057309     57.8921049
      4.0055304     66.7781378     57.8631862
      4.0133844     66.7498703     57.8340200
      4.0212384     66.7209320     57.8046085
      4.0290924     66.6913264     57.7749542
      4.0369464     66.6610573     57.7450592
      4.0448003     66.6301286     57.7149260
      4.0526543     66.5985442     57.6845569
      4.0605083     66.5663083     57.6539541
      4.0683623     66.5334252     57.6231202
      4.0762163     66.4998992     57.5920574
      4.0840703     66.4657348     57.5607683
      4.0919242     66.4309366     57.5292551
      4.0997782     66.3955094     57.4975204
      4.1076322     66.3594581     57.4655665
      4.1154862     66.3227876     57.4333960
      4.1233402     66.2855031     57.4010112
      4.1311941     66.2476098     57.3684147
      4.1390481     66.2091131     57.3356090
      4.1469021     66.1700184     57.3025966
      4.1547561     66.1303314     57.2693800
      4.1626101     66.0900577     57.2359617
      4.1704640     66.0492031     57.2023443
      4.1783180     66.0077736     57.1685303
      4.1861720     65.9657753     57.1345223
      4.1940260     65.9232143     57.1003230
      4.2018800     65.8800968     57.0659348
      4.2097340     65.8364293     57.0313604
      4.2175879     65.7922182     56.9966024
      4.2254419     65.7474702     56.9616634
      4.2332959     65.7021919     56.9265461
      4.2411499     65.6563902     56.8912532
      4.2490039     65.6100719     56.8557872
      4.2568578     65.5632441     56.8201509
      4.2647118     65.5159138     56.7843469
      4.2725658     65.4680884     56.7483780
      4.2804198     65.4197751     56.7122468
      4.2882738     65.3709813     56.6759560
      4.2961277     65.3217145     56.6395085
      4.3039817     65.2719823     56.6029068
      4.3118357     65.2217925     56.5661538
      4.3196897     65.1711527     56.5292522
      4.3275437     65.1200708     56.4922047
      4.3353977     65.0685549     56.4550142
      4.3432516     65.0166129     56.4176834
      4.3511056     64.9642530     56.3802151
      4.3589596     64.9114834     56.3426121
      4.3668136     64.8583124     56.3048771
      4.3746676     64.8047483     56.2670131
      4.3825215     64.7507996     56.2290228
      4.3903755     64.6964748     56.1909091
      4.3982295     64.6417825     56.1526748
      4.4060835     64.5867314     56.1143227
      4.4139375     64.5313303     56.0758557
      4.4217914     64.4755879     56.0372766
      4.4296454     64.4195132     55.9985883
      4.4374994     64.3631150     55.9597938
      4.4453534     64.3064024     55.9208957
      4.4532074     64.2493845     55.8818971
      4.4610614     64.1920704     55.8428009
      4.4689153     64.1344693     55.8036099
      4.4767693     64.0765904     55.7643269
      4.4846233     64.0184431     55.7249551
      4.4924773     63.9600366     55.6854972
      4.5003313     63.9013805     55.6459561
      4.5081852     63.8424842     55.6063348
      4.5160392     63.7833571     55.5666363
      4.5238932     63.7240089     55.5268634
      4.5317472     63.6644491     55.4870191
      4.5396012     63.6046874     55.4471063
      4.5474551     63.5447334     55.4071281
      4.5553091     63.4845969     55.3670872
      4.5631631     63.4242876     55.3269867
      4.5710171     63.3638153     55.2868296
      4.5788711     63.3031898     55.2466188
      4.5867251     63.2424210     55.2063572
      4.5945790     63.1815187     55.1660479
      4.6024330     63.1204928     55.1256937
      4.6102870     63.0593533     55.0852978
      4.6181410     62.9981101     55.0448630
      4.6259950     62.9367732     55.0043924
      4.6338489     62.8753526     54.9638889
      4.6417029     62.8138582     54.9233554
      4.6495569     62.7523000     54.8827951
      4.6574109     62.6906882     54.8422108
      4.6652649     62.6290327     54.8016056
      4.6731188     62.5673436     54.7609824
      4.6809728     62.5056309     54.7203443
      4.6888268     62.4439046     54.6796942
      4.6966808     62.3821749     54.6390351
      4.7045348     62.3204518     54.5983701
      4.7123888     62.2587454     54.5577020
      4.7202427     62.1970656     54.5170340
      4.7280967     62.1354225     54.4763689
      4.7359507     62.0738262     54.4357098
      4.7438047     62.0122866     54.3950597
      4.7516587     61.9508139     54.3544216
      4.7595126     61.8894179     54.3137984
      4.7673666     61.8281087     54.2731932
      4.7752206     61.7668962     54.2326089
      4.7830746     61.7057903     54.1920486
      4.7909286     61.6448010     54.1515152
      4.7987825     61.5839381     54.1110116
      4.8066365     61.5232116     54.0705410
      4.8144905     61.4626311     54.0301062
      4.8223445     61.4022067     53.9897103
      4.8301985     61.3419480     53.9493561
      4.8380525     61.2818647     53.9090468
      4.8459064     61.2219665     53.8687852
      4.8537604     61.1622632     53.8285744
      4.8616144     61.1027643     53.7884173
      4.8694684     61.0434795     53.7483168
      4.8773224     60.9844181     53.7082759
      4.8851763     60.9255898     53.6682976
      4.8930303     60.8670040     53.6283849
      4.9008843     60.8086700     53.5885406
      4.9087383     60.7505972     53.5487677
      4.9165923     60.6927948     53.5090691
      4.9244462     60.6352722     53.4694478
      4.9323002     60.5780384     53.4299068
      4.9401542     60.5211026     53.3904489
      4.9480082     60.4644738     53.3510770
      4.9558622     60.4081610     53.3117941
      4.9637162     60.3521731     53.2726030
      4.9715701     60.2965190     53.2335068
      4.9794241     60.2412075     53.1945082
      4.9872781     60.1862472     53.1556102
      4.9951321     60.1316468     53.1168156
      5.0029861     60.0774149     53.0781273
      5.0108400     60.0235600     53.0395482
      5.0186940     59.9700905     53.0010812
      5.0265480     59.9170147     52.9627291
      5.0344020     59.8643408     52.9244948
      5.0422560     59.8120771     52.8863810
      5.0501099     59.7602317     52.8483907
      5.0579639     59.7088125     52.8105267
      5.0658179     59.6578275     52.7727918
      5.0736719     59.6072845     52.7351888
      5.0815259     59.5571912     52.6977204
      5.0893799     59.5075554     52.6603896
      5.0972338     59.4583845     52.6231991
      5.1050878     59.4096860     52.5861516
      5.1129418     59.3614672     52.5492500
      5.1207958     59.3137356     52.5124970
      5.1286498     59.2664982     52.4758953
      5.1365037     59.2197620     52.4394477
      5.1443577     59.1735342     52.4031570
      5.1522117     59.1278214     52.3670258
      5.1600657     59.0826306     52.3310568
      5.1679197     59.0379684     52.2952529
      5.1757736     58.9938413     52.2596165
      5.1836276     58.9502557     52.2241505
      5.1914816     58.9072181     52.1888576
      5.1993356     58.8647346     52.1537403
      5.2071896     58.8228113     52.1188013
      5.2150436     58.7814544     52.0840433
      5.2228975     58.7406695     52.0494689
      5.2307515     58.7004626     52.0150807
      5.2386055     58.6608393     51.9808813
      5.2464595     58.6218051     51.9468733
      5.2543135     58.5833655     51.9130593
      5.2621674     58.5455258     51.8794419
      5.2700214     58.5082911     51.8460236
      5.2778754     58.4716666     51.8128070
      5.2857294     58.4356572     51.7797945
      5.2935834     58.4002677     51.7469888
      5.3014373     58.3655029     51.7143923
      5.3092913     58.3313672     51.6820076
      5.3171453     58.2978652     51.6498370
      5.3249993     58.2650013     51.6178831
      5.3328533     58.2327795     51.5861484
      5.3407073     58.2012040     51.5546352
      5.3485612     58.1702788     51.5233460
      5.3564152     58.1400077     51.4922833
      5.3642692     58.1103943     51.4614493
      5.3721232     58.0814423     51.4308466
      5.3799772     58.0531551     51.4004774
      5.3878311     58.0255360     51.3703442
      5.3956851     57.9985881     51.3404492
      5.4035391     57.9723146     51.3107948
      5.4113931     57.9467183     51.2813834
      5.4192471     57.9218021     51.2522172
      5.4271010     57.8975685     51.2232985
      5.4349550     57.8740202     51.1946295
      5.4428090     57.8511595     51.1662126
      5.4506630     57.8289887     51.1380499
      5.4585170     57.8075098     51.1101437
      5.4663710     57.7867249     51.0824962
      5.4742249     57.7666359     51.0551096
      5.4820789     57.7472444     51.0279860
      5.4899329     57.7285522     51.0011276
      5.4977869     57.7105605     50.9745366
      5.5056409     57.6932708     50.9482150
      5.5134948     57.6766842     50.9221650
      5.5213488     57.6608018     50.8963887
      5.5292028     57.6456245     50.8708882
      5.5370568     57.6311532     50.8456654
      5.5449108     57.6173884     50.8207225
      5.5527647     57.6043307     50.7960615
      5.5606187     57.5919805     50.7716844
      5.5684727     57.5803380     50.7475931
      5.5763267     57.5694034     50.7237896
      5.5841807     57.5591767     50.7002759
      5.5920347     57.5496576     50.6770540
      5.5998886     57.5408461     50.6541256
      5.6077426     57.5327415     50.6314929
      5.6155966     57.5253435     50.6091575
      5.6234506     57.5186514     50.5871214
      5.6313046     57.5126642     50.5653864
      5.6391585     57.5073812     50.5439544
      5.6470125     57.5028013     50.5228271
      5.6548665     57.4989233     50.5020064
      5.6627205     57.4957459     50.4814940
      5.6705745     57.4932676     50.4612917
      5.6784284     57.4914868     50.4414011
      5.6862824     57.4904020     50.4218240
      5.6941364     57.4900112     50.4025622
      5.7019904     57.4903126     50.3836172
      5.7098444     57.4913040     50.3649907
      5.7176984     57.4929833     50.3466844
      5.7255523     57.4953481     50.3286998
      5.7334063     57.4983960     50.3110386
      5.7412603     57.5021245     50.2937024
      5.7491143     57.5065309     50.2766926
      5.7569683     57.5116124     50.2600109
      5.7648222     57.5173661     50.2436587
      5.7726762     57.5237889     50.2276375
      5.7805302     57.5308777     50.2119488
      5.7883842     57.5386292     50.1965941
      5.7962382     57.5470401     50.1815747
      5.8040921     57.5561068     50.1668922
      5.8119461     57.5658258     50.1525478
      5.8198001     57.5761933     50.1385430
      5.8276541     57.5872055     50.1248792
      5.8355081     57.5988586     50.1115575
      5.8433621     57.6111483     50.0985794
      5.8512160     57.6240707     50.0859461
      5.8590700     57.6376213     50.0736589
      5.8669240     57.6517960     50.0617190
      5.8747780     57.6665901     50.0501277
      5.8826320     57.6819992     50.0388861
      5.8904859     57.6980186     50.0279954
      5.8983399     57.7146434     50.0174569
      5.9061939     57.7318690     50.0072715
      5.9140479     57.7496902     49.9974405
      5.9219019     57.7681021     49.9879649
      5.9297558     57.7870994     49.9788458
      5.9376098     57.8066770     49.9700842
      5.9454638     57.8268296     49.9616812
      5.9533178     57.8475516     49.9536378
      5.9611718     57.8688377     49.9459549
      5.9690258     57.8906821     49.9386335
      5.9768797     57.9130793     49.9316745
      5.9847337     57.9360235     49.9250790
      5.9925877     57.9595088     49.9188476
      6.0004417     57.9835293     49.9129814
      6.0082957     58.0080790     49.9074811
      6.0161496     58.0331518     49.9023476
      6.0240036     58.0587416     49.8975817
      6.0318576     58.0848421     49.8931842
      6.0397116     58.1114471     49.8891558
      6.0475656     58.1385502     49.8854972
      6.0554195     58.1661449     49.8822092
      6.0632735     58.1942247     49.8792925
      6.0711275     58.2227831     49.8767477
      6.0789815     58.2518134     49.8745754
      6.0868355     58.2813090     49.8727763
      6.0946895     58.3112630     49.8713510
      6.1025434     58.3416687     49.8703000
      6.1103974     58.3725193     49.8696239
      6.1182514     58.4038076     49.8693232
      6.1261054     58.4355269     49.8693985
      6.1339594     58.4676700     49.8698501
      6.1418133     58.5002299     49.8706786
      6.1496673     58.5331995     49.8718844
      6.1575213     58.5665716     49.8734679
      6.1653753     58.6003389     49.8754295
      6.1732293     58.6344942     49.8777695
      6.1810832     58.6690303     49.8804884
      6.1889372     58.7039397     49.8835863
      6.1967912     58.7392151     49.8870636
      6.2046452     58.7748492     49.8909207
      6.2124992     58.8108344     49.8951576
      6.2203532     58.8471632     49.8997747
      6.2282071     58.8838283     49.9047721
      6.2360611     58.9208220     49.9101500
      6.2439151     58.9581368     49.9159086
      6.2517691     58.9957652     49.9220480
      6.2596231     59.0336994     49.9285683
      6.2674770     59.0719320     49.9354696
      6.2753310     59.1104553     49.9427519
      6.2831850     59.1492616     49.9504154
