     0.000      0.2053220      8.1386143      8.9599023      0.8362236
     0.008      0.2040339      8.1300746      8.9776261      0.8357642
     0.016      0.2027422      8.1215867      8.9953874      0.8353126
     0.024      0.2014470      8.1131502      9.0131860      0.8348686
     0.031      0.2001483      8.1047649      9.0310220      0.8344321
     0.039      0.1988463      8.0964302      9.0488950      0.8340030
     0.047      0.1975409      8.0881460      9.0668051      0.8335812
     0.055      0.1962322      8.0799118      9.0847522      0.8331665
     0.063      0.1949203      8.0717274      9.1027360      0.8327588
     0.071      0.1936052      8.0635923      9.1207564      0.8323580
     0.079      0.1922870      8.0555062      9.1388134      0.8319639
     0.086      0.1909657      8.0474688      9.1569068      0.8315765
     0.094      0.1896414      8.0394797      9.1750365      0.8311956
     0.102      0.1883142      8.0315386      9.1932023      0.8308211
     0.110      0.1869840      8.0236451      9.2114040      0.8304529
     0.118      0.1856509      8.0157989      9.2296415      0.8300909
     0.126      0.1843151      8.0079996      9.2479147      0.8297349
     0.134      0.1829764      8.0002469      9.2662234      0.8293848
     0.141      0.1816351      7.9925405      9.2845674      0.8290406
     0.149      0.1802910      7.9848799      9.3029466      0.8287020
     0.157      0.1789444      7.9772649      9.3213608      0.8283691
     0.165      0.1775951      7.9696951      9.3398098      0.8280416
     0.173      0.1762432      7.9621701      9.3582934      0.8277195
     0.181      0.1748889      7.9546896      9.3768115      0.8274027
     0.188      0.1735321      7.9472532      9.3953639      0.8270910
     0.196      0.1721729      7.9398606      9.4139503      0.8267844
     0.204      0.1708113      7.9325115      9.4325706      0.8264827
     0.212      0.1694473      7.9252055      9.4512246      0.8261858
     0.220      0.1680810      7.9179422      9.4699121      0.8258937
     0.228      0.1667124      7.9107212      9.4886328      0.8256062
     0.236      0.1653416      7.9035423      9.5073867      0.8253233
     0.243      0.1639686      7.8964051      9.5261733      0.8250447
     0.251      0.1625935      7.8893092      9.5449926      0.8247705
     0.259      0.1612162      7.8822542      9.5638444      0.8245006
     0.267      0.1598367      7.8752399      9.5827283      0.8242347
     0.275      0.1584552      7.8682658      9.6016442      0.8239729
     0.283      0.1570717      7.8613316      9.6205918      0.8237151
     0.291      0.1556862      7.8544369      9.6395709      0.8234610
     0.298      0.1542987      7.8475814      9.6585812      0.8232108
     0.306      0.1529092      7.8407648      9.6776226      0.8229642
     0.314      0.1515178      7.8339865      9.6966947      0.8227211
     0.322      0.1501245      7.8272464      9.7157974      0.8224816
     0.330      0.1487294      7.8205440      9.7349303      0.8222454
     0.338      0.1473324      7.8138790      9.7540932      0.8220125
     0.346      0.1459335      7.8072510      9.7732858      0.8217829
     0.353      0.1445329      7.8006596      9.7925080      0.8215563
     0.361      0.1431306      7.7941045      9.8117593      0.8213328
     0.369      0.1417264      7.7875853      9.8310396      0.8211123
     0.377      0.1403206      7.7811016      9.8503485      0.8208946
     0.385      0.1389131      7.7746532      9.8696858      0.8206797
     0.393      0.1375039      7.7682395      9.8890512      0.8204676
     0.401      0.1360930      7.7618603      9.9084445      0.8202580
     0.408      0.1346805      7.7555152      9.9278652      0.8200511
     0.416      0.1332664      7.7492037      9.9473132      0.8198466
     0.424      0.1318507      7.7429256      9.9667882      0.8196444
     0.432      0.1304334      7.7366805      9.9862898      0.8194446
     0.440      0.1290145      7.7304679     10.0058177      0.8192471
     0.448      0.1275941      7.7242875     10.0253717      0.8190517
     0.456      0.1261722      7.7181390     10.0449514      0.8188584
     0.463      0.1247487      7.7120219     10.0645565      0.8186672
     0.471      0.1233238      7.7059359     10.0841867      0.8184779
     0.479      0.1218974      7.6998806     10.1038417      0.8182905
     0.487      0.1204695      7.6938557     10.1235212      0.8181049
     0.495      0.1190402      7.6878607     10.1432248      0.8179211
     0.503      0.1176094      7.6818952     10.1629522      0.8177389
     0.511      0.1161773      7.6759590     10.1827032      0.8175584
     0.518      0.1147437      7.6700515     10.2024772      0.8173794
     0.526      0.1133087      7.6641725     10.2222741      0.8172019
     0.534      0.1118723      7.6583215     10.2420935      0.8170259
     0.542      0.1104345      7.6524981     10.2619351      0.8168512
     0.550      0.1089954      7.6467021     10.2817984      0.8166779
     0.558      0.1075549      7.6409329     10.3016832      0.8165058
     0.565      0.1061131      7.6351902     10.3215891      0.8163348
     0.573      0.1046699      7.6294736     10.3415157      0.8161651
     0.581      0.1032254      7.6237827     10.3614628      0.8159964
     0.589      0.1017796      7.6181171     10.3814299      0.8158287
     0.597      0.1003325      7.6124765     10.4014166      0.8156620
     0.605      0.0988840      7.6068605     10.4214227      0.8154963
     0.613      0.0974343      7.6012685     10.4414478      0.8153314
     0.620      0.0959833      7.5957004     10.4614915      0.8151673
     0.628      0.0945309      7.5901556     10.4815533      0.8150040
     0.636      0.0930773      7.5846338     10.5016331      0.8148415
     0.644      0.0916225      7.5791345     10.5217303      0.8146796
     0.652      0.0901663      7.5736575     10.5418446      0.8145184
     0.660      0.0887089      7.5682022     10.5619757      0.8143577
     0.668      0.0872503      7.5627683     10.5821231      0.8141976
     0.675      0.0857904      7.5573554     10.6022864      0.8140380
     0.683      0.0843292      7.5519631     10.6224654      0.8138789
     0.691      0.0828668      7.5465910     10.6426595      0.8137202
     0.699      0.0814031      7.5412387     10.6628685      0.8135619
     0.707      0.0799382      7.5359057     10.6830918      0.8134040
     0.715      0.0784721      7.5305918     10.7033293      0.8132464
     0.723      0.0770047      7.5252964     10.7235803      0.8130890
     0.730      0.0755361      7.5200192     10.7438446      0.8129319
     0.738      0.0740662      7.5147598     10.7641217      0.8127750
     0.746      0.0725952      7.5095177     10.7844112      0.8126183
     0.754      0.0711229      7.5042926     10.8047129      0.8124618
     0.762      0.0696493      7.4990841     10.8250261      0.8123054
     0.770      0.0681746      7.4938917     10.8453506      0.8121491
     0.778      0.0666986      7.4887151     10.8656859      0.8119928
     0.785      0.0652213      7.4835538     10.8860317      0.8118366
     0.793      0.0637429      7.4784074     10.9063875      0.8116804
     0.801      0.0622632      7.4732756     10.9267529      0.8115243
     0.809      0.0607823      7.4681579     10.9471275      0.8113681
     0.817      0.0593002      7.4630538     10.9675109      0.8112118
     0.825      0.0578169      7.4579631     10.9879027      0.8110555
     0.833      0.0563323      7.4528852     11.0083024      0.8108991
     0.840      0.0548465      7.4478199     11.0287097      0.8107426
     0.848      0.0533594      7.4427665     11.0491241      0.8105860
     0.856      0.0518712      7.4377248     11.0695453      0.8104293
     0.864      0.0503817      7.4326944     11.0899728      0.8102724
     0.872      0.0488909      7.4276748     11.1104061      0.8101154
     0.880      0.0473990      7.4226655     11.1308450      0.8099582
     0.887      0.0459058      7.4176663     11.1512889      0.8098008
     0.895      0.0444113      7.4126767     11.1717374      0.8096433
     0.903      0.0429156      7.4076962     11.1921901      0.8094855
     0.911      0.0414187      7.4027244     11.2126466      0.8093276
     0.919      0.0399206      7.3977610     11.2331065      0.8091694
     0.927      0.0384212      7.3928056     11.2535694      0.8090110
     0.935      0.0369205      7.3878576     11.2740347      0.8088525
     0.942      0.0354186      7.3829167     11.2945022      0.8086937
     0.950      0.0339155      7.3779825     11.3149713      0.8085347
     0.958      0.0324111      7.3730545     11.3354417      0.8083755
     0.966      0.0309054      7.3681324     11.3559130      0.8082160
     0.974      0.0293986      7.3632157     11.3763846      0.8080564
     0.982      0.0278904      7.3583040     11.3968563      0.8078966
     0.990      0.0263810      7.3533969     11.4173275      0.8077365
     0.997      0.0248703      7.3484940     11.4377978      0.8075763
     1.005      0.0233584      7.3435948     11.4582669      0.8074159
     1.013      0.0218452      7.3386990     11.4787343      0.8072553
     1.021      0.0203308      7.3338061     11.4991995      0.8070946
     1.029      0.0188151      7.3289157     11.5196622      0.8069336
     1.037      0.0172981      7.3240274     11.5401219      0.8067726
     1.045      0.0157799      7.3191407     11.5605782      0.8066114
     1.052      0.0142604      7.3142553     11.5810308      0.8064502
     1.060      0.0127396      7.3093708     11.6014791      0.8062888
     1.068      0.0112176      7.3044867     11.6219227      0.8061273
     1.076      0.0096943      7.2996025     11.6423613      0.8059658
     1.084      0.0081697      7.2947180     11.6627944      0.8058043
     1.092      0.0066438      7.2898326     11.6832215      0.8056427
     1.100      0.0051167      7.2849460     11.7036424      0.8054812
     1.107      0.0035883      7.2800577     11.7240565      0.8053196
     1.115      0.0020587      7.2751674     11.7444635      0.8051581
     1.123      0.0005278      7.2702745     11.7648629      0.8049967
     1.131     -0.0010044      7.2653787     11.7852543      0.8048354
     1.139     -0.0025379      7.2604797     11.8056373      0.8046743
     1.147     -0.0040726      7.2555768     11.8260115      0.8045133
     1.155     -0.0056086      7.2506698     11.8463766      0.8043524
     1.162     -0.0071458      7.2457583     11.8667320      0.8041918
     1.170     -0.0086843      7.2408417     11.8870773      0.8040315
     1.178     -0.0102241      7.2359198     11.9074122      0.8038714
     1.186     -0.0117651      7.2309920     11.9277363      0.8037117
     1.194     -0.0133074      7.2260580     11.9480492      0.8035523
     1.202     -0.0148509      7.2211174     11.9683504      0.8033934
     1.210     -0.0163956      7.2161697     11.9886396      0.8032348
     1.217     -0.0179417      7.2112146     12.0089163      0.8030768
     1.225     -0.0194889      7.2062516     12.0291802      0.8029192
     1.233     -0.0210374      7.2012803     12.0494309      0.8027622
     1.241     -0.0225871      7.1963003     12.0696680      0.8026058
     1.249     -0.0241381      7.1913111     12.0898910      0.8024501
     1.257     -0.0256902      7.1863125     12.1100996      0.8022950
     1.264     -0.0272436      7.1813039     12.1302935      0.8021406
     1.272     -0.0287982      7.1762850     12.1504722      0.8019871
     1.280     -0.0303540      7.1712554     12.1706353      0.8018344
     1.288     -0.0319110      7.1662146     12.1907825      0.8016825
     1.296     -0.0334691      7.1611622     12.2109133      0.8015316
     1.304     -0.0350285      7.1560979     12.2310275      0.8013816
     1.312     -0.0365890      7.1510212     12.2511246      0.8012327
     1.319     -0.0381507      7.1459317     12.2712042      0.8010849
     1.327     -0.0397136      7.1408290     12.2912661      0.8009382
     1.335     -0.0412776      7.1357127     12.3113097      0.8007927
     1.343     -0.0428427      7.1305825     12.3313348      0.8006484
     1.351     -0.0444090      7.1254378     12.3513410      0.8005055
     1.359     -0.0459764      7.1202783     12.3713279      0.8003639
     1.367     -0.0475448      7.1151037     12.3912952      0.8002237
     1.374     -0.0491144      7.1099134     12.4112426      0.8000851
     1.382     -0.0506851      7.1047071     12.4311695      0.7999479
     1.390     -0.0522568      7.0994844     12.4510758      0.7998124
     1.398     -0.0538296      7.0942449     12.4709611      0.7996786
     1.406     -0.0554035      7.0889883     12.4908249      0.7995465
     1.414     -0.0569783      7.0837140     12.5106671      0.7994162
     1.422     -0.0585542      7.0784217     12.5304872      0.7992878
     1.429     -0.0601311      7.0731110     12.5502848      0.7991613
     1.437     -0.0617090      7.0677815     12.5700598      0.7990369
     1.445     -0.0632878      7.0624328     12.5898117      0.7989145
     1.453     -0.0648676      7.0570646     12.6095402      0.7987943
     1.461     -0.0664484      7.0516763     12.6292449      0.7986762
     1.469     -0.0680300      7.0462677     12.6489257      0.7985605
     1.477     -0.0696126      7.0408384     12.6685820      0.7984472
     1.484     -0.0711960      7.0353878     12.6882137      0.7983363
     1.492     -0.0727803      7.0299158     12.7078204      0.7982279
     1.500     -0.0743654      7.0244218     12.7274018      0.7981221
     1.508     -0.0759514      7.0189055     12.7469576      0.7980189
     1.516     -0.0775381      7.0133664     12.7664875      0.7979185
     1.524     -0.0791256      7.0078043     12.7859912      0.7978210
     1.532     -0.0807139      7.0022187     12.8054684      0.7977263
     1.539     -0.0823029      6.9966092     12.8249187      0.7976347
     1.547     -0.0838927      6.9909754     12.8443420      0.7975461
     1.555     -0.0854831      6.9853170     12.8637379      0.7974607
     1.563     -0.0870741      6.9796336     12.8831061      0.7973785
     1.571     -0.0886658      6.9739248     12.9024464      0.7972996
     1.579     -0.0902581      6.9681901     12.9217585      0.7972241
     1.587     -0.0918510      6.9624293     12.9410421      0.7971521
     1.594     -0.0934445      6.9566419     12.9602969      0.7970837
     1.602     -0.0950384      6.9508276     12.9795227      0.7970190
     1.610     -0.0966329      6.9449860     12.9987192      0.7969580
     1.618     -0.0982278      6.9391167     13.0178861      0.7969009
     1.626     -0.0998231      6.9332192     13.0370232      0.7968477
     1.634     -0.1014189      6.9272934     13.0561303      0.7967986
     1.641     -0.1030150      6.9213387     13.0752070      0.7967536
     1.649     -0.1046115      6.9153548     13.0942532      0.7967128
     1.657     -0.1062082      6.9093413     13.1132686      0.7966762
     1.665     -0.1078052      6.9032978     13.1322529      0.7966442
     1.673     -0.1094025      6.8972240     13.1512060      0.7966166
     1.681     -0.1110000      6.8911195     13.1701276      0.7965935
     1.689     -0.1125976      6.8849839     13.1890174      0.7965752
     1.696     -0.1141953      6.8788169     13.2078753      0.7965617
     1.704     -0.1157932      6.8726180     13.2267010      0.7965531
     1.712     -0.1173911      6.8663869     13.2454943      0.7965495
     1.720     -0.1189890      6.8601233     13.2642550      0.7965509
     1.728     -0.1205868      6.8538267     13.2829829      0.7965576
     1.736     -0.1221846      6.8474968     13.3016778      0.7965695
     1.744     -0.1237823      6.8411333     13.3203394      0.7965869
     1.751     -0.1253798      6.8347356     13.3389677      0.7966097
     1.759     -0.1269771      6.8283036     13.3575623      0.7966382
     1.767     -0.1285742      6.8218368     13.3761232      0.7966724
     1.775     -0.1301710      6.8153348     13.3946500      0.7967124
     1.783     -0.1317674      6.8087973     13.4131427      0.7967583
     1.791     -0.1333635      6.8022240     13.4316010      0.7968102
     1.799     -0.1349591      6.7956143     13.4500248      0.7968683
     1.806     -0.1365542      6.7889681     13.4684139      0.7969327
     1.814     -0.1381488      6.7822849     13.4867682      0.7970034
     1.822     -0.1397429      6.7755643     13.5050874      0.7970806
     1.830     -0.1413363      6.7688061     13.5233715      0.7971643
     1.838     -0.1429290      6.7620097     13.5416202      0.7972548
     1.846     -0.1445210      6.7551749     13.5598334      0.7973521
     1.854     -0.1461122      6.7483013     13.5780110      0.7974563
     1.861     -0.1477025      6.7413886     13.5961528      0.7975676
     1.869     -0.1492919      6.7344363     13.6142587      0.7976860
     1.877     -0.1508804      6.7274441     13.6323285      0.7978116
     1.885     -0.1524679      6.7204117     13.6503621      0.7979447
     1.893     -0.1540543      6.7133387     13.6683595      0.7980853
     1.901     -0.1556395      6.7062247     13.6863203      0.7982335
     1.909     -0.1572236      6.6990693     13.7042447      0.7983895
     1.916     -0.1588064      6.6918722     13.7221323      0.7985533
     1.924     -0.1603879      6.6846331     13.7399831      0.7987251
     1.932     -0.1619680      6.6773516     13.7577971      0.7989050
     1.940     -0.1635467      6.6700272     13.7755740      0.7990932
     1.948     -0.1651238      6.6626597     13.7933138      0.7992897
     1.956     -0.1666994      6.6552487     13.8110164      0.7994947
     1.963     -0.1682733      6.6477938     13.8286817      0.7997083
     1.971     -0.1698456      6.6402947     13.8463097      0.7999306
     1.979     -0.1714160      6.6327510     13.8639001      0.8001618
     1.987     -0.1729846      6.6251623     13.8814530      0.8004020
     1.995     -0.1745512      6.6175283     13.8989683      0.8006513
     2.003     -0.1761159      6.6098486     13.9164458      0.8009099
     2.011     -0.1776785      6.6021228     13.9338856      0.8011778
     2.018     -0.1792390      6.5943507     13.9512875      0.8014553
     2.026     -0.1807972      6.5865317     13.9686514      0.8017423
     2.034     -0.1823532      6.5786656     13.9859775      0.8020392
     2.042     -0.1839068      6.5707520     14.0032655      0.8023459
     2.050     -0.1854579      6.5627905     14.0205154      0.8026627
     2.058     -0.1870065      6.5547808     14.0377271      0.8029897
     2.066     -0.1885525      6.5467225     14.0549007      0.8033270
     2.073     -0.1900958      6.5386152     14.0720361      0.8036747
     2.081     -0.1916363      6.5304585     14.0891333      0.8040330
     2.089     -0.1931740      6.5222522     14.1061921      0.8044020
     2.097     -0.1947088      6.5139957     14.1232126      0.8047819
     2.105     -0.1962405      6.5056888     14.1401948      0.8051728
     2.113     -0.1977691      6.4973311     14.1571387      0.8055748
     2.121     -0.1992945      6.4889222     14.1740441      0.8059881
     2.128     -0.2008166      6.4804618     14.1909112      0.8064129
     2.136     -0.2023353      6.4719494     14.2077398      0.8068492
     2.144     -0.2038506      6.4633847     14.2245300      0.8072972
     2.152     -0.2053622      6.4547673     14.2412818      0.8077571
     2.160     -0.2068703      6.4460969     14.2579952      0.8082290
     2.168     -0.2083745      6.4373730     14.2746702      0.8087130
     2.176     -0.2098750      6.4285953     14.2913067      0.8092094
     2.183     -0.2113714      6.4197635     14.3079049      0.8097182
     2.191     -0.2128639      6.4108770     14.3244646      0.8102396
     2.199     -0.2143522      6.4019356     14.3409860      0.8107737
     2.207     -0.2158362      6.3929389     14.3574691      0.8113208
     2.215     -0.2173159      6.3838865     14.3739138      0.8118809
     2.223     -0.2187911      6.3747779     14.3903202      0.8124542
     2.231     -0.2202618      6.3656129     14.4066883      0.8130409
     2.238     -0.2217278      6.3563910     14.4230183      0.8136411
     2.246     -0.2231891      6.3471118     14.4393100      0.8142550
     2.254     -0.2246455      6.3377750     14.4555636      0.8148827
     2.262     -0.2260969      6.3283801     14.4717790      0.8155244
     2.270     -0.2275432      6.3189268     14.4879564      0.8161802
     2.278     -0.2289843      6.3094147     14.5040958      0.8168504
     2.286     -0.2304200      6.2998433     14.5201973      0.8175350
     2.293     -0.2318504      6.2902123     14.5362608      0.8182343
     2.301     -0.2332752      6.2805212     14.5522866      0.8189484
     2.309     -0.2346943      6.2707697     14.5682745      0.8196774
     2.317     -0.2361076      6.2609574     14.5842248      0.8204216
     2.325     -0.2375151      6.2510839     14.6001374      0.8211811
     2.333     -0.2389165      6.2411487     14.6160125      0.8219560
     2.340     -0.2403117      6.2311514     14.6318501      0.8227465
     2.348     -0.2417007      6.2210916     14.6476503      0.8235529
     2.356     -0.2430833      6.2109690     14.6634132      0.8243752
     2.364     -0.2444594      6.2007830     14.6791389      0.8252137
     2.372     -0.2458288      6.1905334     14.6948275      0.8260685
     2.380     -0.2471915      6.1802196     14.7104790      0.8269397
     2.388     -0.2485472      6.1698412     14.7260936      0.8278277
     2.395     -0.2498959      6.1593978     14.7416713      0.8287324
     2.403     -0.2512374      6.1488890     14.7572124      0.8296542
     2.411     -0.2525716      6.1383143     14.7727168      0.8305932
     2.419     -0.2538984      6.1276734     14.7881847      0.8315495
     2.427     -0.2552176      6.1169657     14.8036161      0.8325234
     2.435     -0.2565291      6.1061909     14.8190113      0.8335151
     2.443     -0.2578327      6.0953485     14.8343704      0.8345246
     2.450     -0.2591283      6.0844380     14.8496934      0.8355522
     2.458     -0.2604158      6.0734590     14.8649804      0.8365982
     2.466     -0.2616950      6.0624111     14.8802317      0.8376626
     2.474     -0.2629657      6.0512939     14.8954473      0.8387456
     2.482     -0.2642279      6.0401067     14.9106274      0.8398475
     2.490     -0.2654813      6.0288493     14.9257721      0.8409684
     2.498     -0.2667259      6.0175211     14.9408816      0.8421085
     2.505     -0.2679614      6.0061216     14.9559559      0.8432680
     2.513     -0.2691878      5.9946505     14.9709953      0.8444472
     2.521     -0.2704048      5.9831072     14.9859999      0.8456461
     2.529     -0.2716123      5.9714913     15.0009698      0.8468650
     2.537     -0.2728102      5.9598022     15.0159052      0.8481041
     2.545     -0.2739983      5.9480396     15.0308063      0.8493636
     2.553     -0.2751763      5.9362029     15.0456732      0.8506436
     2.560     -0.2763443      5.9242916     15.0605060      0.8519444
     2.568     -0.2775019      5.9123052     15.0753050      0.8532662
     2.576     -0.2786491      5.9002433     15.0900703      0.8546091
     2.584     -0.2797857      5.8881054     15.1048020      0.8559734
     2.592     -0.2809114      5.8758909     15.1195005      0.8573593
     2.600     -0.2820262      5.8635994     15.1341657      0.8587669
     2.608     -0.2831299      5.8512303     15.1487980      0.8601965
     2.615     -0.2842222      5.8387831     15.1633974      0.8616483
     2.623     -0.2853030      5.8262574     15.1779642      0.8631224
     2.631     -0.2863722      5.8136525     15.1924986      0.8646192
     2.639     -0.2874295      5.8009680     15.2070008      0.8661387
     2.647     -0.2884748      5.7882034     15.2214708      0.8676812
     2.655     -0.2895079      5.7753580     15.2359090      0.8692470
     2.662     -0.2905286      5.7624315     15.2503156      0.8708361
     2.670     -0.2915368      5.7494232     15.2646907      0.8724489
     2.678     -0.2925321      5.7363326     15.2790345      0.8740855
     2.686     -0.2935146      5.7231591     15.2933473      0.8757461
     2.694     -0.2944838      5.7099023     15.3076292      0.8774310
     2.702     -0.2954398      5.6965615     15.3218805      0.8791404
     2.710     -0.2963822      5.6831361     15.3361013      0.8808744
     2.717     -0.2973110      5.6696257     15.3502920      0.8826333
     2.725     -0.2982258      5.6560297     15.3644527      0.8844173
     2.733     -0.2991265      5.6423474     15.3785835      0.8862267
     2.741     -0.3000128      5.6285784     15.3926849      0.8880615
     2.749     -0.3008847      5.6147220     15.4067569      0.8899221
     2.757     -0.3017419      5.6007776     15.4207998      0.8918086
     2.765     -0.3025841      5.5867446     15.4348138      0.8937213
     2.772     -0.3034112      5.5726226     15.4487992      0.8956604
     2.780     -0.3042230      5.5584108     15.4627562      0.8976261
     2.788     -0.3050192      5.5441086     15.4766851      0.8996185
     2.796     -0.3057997      5.5297155     15.4905860      0.9016380
     2.804     -0.3065642      5.5152309     15.5044592      0.9036847
     2.812     -0.3073126      5.5006541     15.5183050      0.9057588
     2.820     -0.3080445      5.4859844     15.5321235      0.9078606
     2.827     -0.3087598      5.4712214     15.5459152      0.9099903
     2.835     -0.3094583      5.4563643     15.5596801      0.9121480
     2.843     -0.3101397      5.4414126     15.5734186      0.9143340
     2.851     -0.3108039      5.4263655     15.5871309      0.9165485
     2.859     -0.3114505      5.4112225     15.6008172      0.9187917
     2.867     -0.3120794      5.3959829     15.6144779      0.9210638
     2.875     -0.3126903      5.3806460     15.6281132      0.9233650
     2.882     -0.3132831      5.3652112     15.6417233      0.9256955
     2.890     -0.3138574      5.3496779     15.6553085      0.9280555
     2.898     -0.3144131      5.3340453     15.6688691      0.9304453
     2.906     -0.3149499      5.3183128     15.6824054      0.9328649
     2.914     -0.3154676      5.3024797     15.6959175      0.9353147
     2.922     -0.3159659      5.2865454     15.7094059      0.9377948
     2.930     -0.3164446      5.2705092     15.7228707      0.9403054
     2.937     -0.3169035      5.2543704     15.7363123      0.9428466
     2.945     -0.3173423      5.2381283     15.7497309      0.9454188
     2.953     -0.3177608      5.2217821     15.7631267      0.9480220
     2.961     -0.3181587      5.2053313     15.7765002      0.9506565
     2.969     -0.3185358      5.1887751     15.7898516      0.9533223
     2.977     -0.3188918      5.1721128     15.8031811      0.9560198
     2.985     -0.3192266      5.1553437     15.8164890      0.9587491
     2.992     -0.3195397      5.1384671     15.8297757      0.9615103
     3.000     -0.3198311      5.1214823     15.8430414      0.9643036
     3.008     -0.3201004      5.1043885     15.8562864      0.9671292
     3.016     -0.3203473      5.0871851     15.8695110      0.9699872
     3.024     -0.3205717      5.0698712     15.8827155      0.9728778
     3.032     -0.3207733      5.0524463     15.8959003      0.9758011
     3.039     -0.3209517      5.0349095     15.9090655      0.9787573
     3.047     -0.3211069      5.0172601     15.9222116      0.9817464
     3.055     -0.3212384      4.9994974     15.9353387      0.9847687
     3.063     -0.3213460      4.9816207     15.9484473      0.9878243
     3.071     -0.3214295      4.9636291     15.9615376      0.9909132
     3.079     -0.3214887      4.9455220     15.9746099      0.9940357
     3.087     -0.3215231      4.9272986     15.9876646      0.9971917
     3.094     -0.3215327      4.9089582     16.0007019      1.0003814
     3.102     -0.3215171      4.8905000     16.0137221      1.0036049
     3.110     -0.3214760      4.8719233     16.0267257      1.0068623
     3.118     -0.3214092      4.8532273     16.0397128      1.0101536
     3.126     -0.3213164      4.8344112     16.0526838      1.0134789
     3.134     -0.3211974      4.8154744     16.0656390      1.0168382
     3.142     -0.3210518      4.7964160     16.0785787      1.0202317
     3.149     -0.3208795      4.7772353     16.0915033      1.0236594
     3.157     -0.3206801      4.7579315     16.1044130      1.0271212
     3.165     -0.3204534      4.7385039     16.1173082      1.0306172
     3.173     -0.3201991      4.7189518     16.1301892      1.0341474
     3.181     -0.3199169      4.6992743     16.1430564      1.0377118
     3.189     -0.3196066      4.6794708     16.1559100      1.0413104
     3.197     -0.3192679      4.6595405     16.1687503      1.0449431
     3.204     -0.3189005      4.6394826     16.1815778      1.0486100
     3.212     -0.3185043      4.6192963     16.1943927      1.0523109
     3.220     -0.3180788      4.5989811     16.2071953      1.0560458
     3.228     -0.3176238      4.5785360     16.2199859      1.0598146
     3.236     -0.3171391      4.5579603     16.2327650      1.0636172
     3.244     -0.3166244      4.5372534     16.2455328      1.0674536
     3.252     -0.3160795      4.5164145     16.2582896      1.0713235
     3.259     -0.3155040      4.4954428     16.2710358      1.0752268
     3.267     -0.3148977      4.4743377     16.2837717      1.0791634
     3.275     -0.3142604      4.4530984     16.2964976      1.0831332
     3.283     -0.3135918      4.4317243     16.3092138      1.0871358
     3.291     -0.3128916      4.4102145     16.3219208      1.0911711
     3.299     -0.3121596      4.3885685     16.3346187      1.0952389
     3.307     -0.3113955      4.3667855     16.3473079      1.0993388
     3.314     -0.3105991      4.3448648     16.3599888      1.1034707
     3.322     -0.3097701      4.3228058     16.3726617      1.1076343
     3.330     -0.3089083      4.3006078     16.3853269      1.1118292
     3.338     -0.3080134      4.2782701     16.3979847      1.1160551
     3.346     -0.3070852      4.2557922     16.4106354      1.1203116
     3.354     -0.3061235      4.2331733     16.4232794      1.1245984
     3.362     -0.3051280      4.2104129     16.4359170      1.1289151
     3.369     -0.3040984      4.1875103     16.4485485      1.1332612
     3.377     -0.3030346      4.1644649     16.4611742      1.1376362
     3.385     -0.3019363      4.1412762     16.4737945      1.1420398
     3.393     -0.3008034      4.1179435     16.4864096      1.1464714
     3.401     -0.2996355      4.0944664     16.4990199      1.1509304
     3.409     -0.2984325      4.0708443     16.5116257      1.1554163
     3.416     -0.2971942      4.0470766     16.5242273      1.1599286
     3.424     -0.2959203      4.0231628     16.5368250      1.1644666
     3.432     -0.2946107      3.9991025     16.5494191      1.1690296
     3.440     -0.2932651      3.9748953     16.5620100      1.1736171
     3.448     -0.2918834      3.9505405     16.5745979      1.1782282
     3.456     -0.2904654      3.9260378     16.5871831      1.1828623
     3.464     -0.2890110      3.9013869     16.5997659      1.1875186
     3.471     -0.2875199      3.8765872     16.6123467      1.1921962
     3.479     -0.2859919      3.8516385     16.6249257      1.1968945
     3.487     -0.2844270      3.8265404     16.6375032      1.2016124
     3.495     -0.2828249      3.8012926     16.6500795      1.2063492
     3.503     -0.2811856      3.7758948     16.6626548      1.2111038
     3.511     -0.2795089      3.7503467     16.6752296      1.2158754
     3.519     -0.2777946      3.7246481     16.6878040      1.2206628
     3.526     -0.2760427      3.6987987     16.7003783      1.2254652
     3.534     -0.2742530      3.6727985     16.7129528      1.2302813
     3.542     -0.2724254      3.6466472     16.7255278      1.2351102
     3.550     -0.2705599      3.6203448     16.7381035      1.2399506
     3.558     -0.2686562      3.5938911     16.7506801      1.2448014
     3.566     -0.2667145      3.5672861     16.7632580      1.2496613
     3.574     -0.2647346      3.5405298     16.7758374      1.2545292
     3.581     -0.2627163      3.5136221     16.7884186      1.2594037
     3.589     -0.2606598      3.4865633     16.8010017      1.2642835
     3.597     -0.2585650      3.4593533     16.8135870      1.2691673
     3.605     -0.2564318      3.4319922     16.8261748      1.2740536
     3.613     -0.2542602      3.4044803     16.8387652      1.2789409
     3.621     -0.2520502      3.3768178     16.8513586      1.2838279
     3.629     -0.2498018      3.3490048     16.8639550      1.2887130
     3.636     -0.2475151      3.3210418     16.8765548      1.2935947
     3.644     -0.2451900      3.2929290     16.8891580      1.2984713
     3.652     -0.2428267      3.2646668     16.9017651      1.3033413
     3.660     -0.2404252      3.2362557     16.9143760      1.3082029
     3.668     -0.2379855      3.2076961     16.9269910      1.3130545
     3.676     -0.2355078      3.1789885     16.9396103      1.3178945
     3.684     -0.2329921      3.1501335     16.9522341      1.3227209
     3.691     -0.2304385      3.1211318     16.9648625      1.3275320
     3.699     -0.2278473      3.0919840     16.9774957      1.3323259
     3.707     -0.2252184      3.0626908     16.9901338      1.3371009
     3.715     -0.2225521      3.0332530     17.0027770      1.3418550
     3.723     -0.2198486      3.0036715     17.0154254      1.3465863
     3.731     -0.2171080      2.9739470     17.0280792      1.3512928
     3.738     -0.2143306      2.9440806     17.0407385      1.3559725
     3.746     -0.2115165      2.9140732     17.0534033      1.3606235
     3.754     -0.2086660      2.8839258     17.0660739      1.3652437
     3.762     -0.2057794      2.8536397     17.0787503      1.3698311
     3.770     -0.2028568      2.8232158     17.0914326      1.3743835
     3.778     -0.1998987      2.7926556     17.1041209      1.3788990
     3.786     -0.1969052      2.7619601     17.1168152      1.3833752
     3.793     -0.1938767      2.7311308     17.1295157      1.3878102
     3.801     -0.1908136      2.7001691     17.1422224      1.3922017
     3.809     -0.1877162      2.6690763     17.1549353      1.3965476
     3.817     -0.1845848      2.6378541     17.1676546      1.4008457
     3.825     -0.1814198      2.6065040     17.1803802      1.4050938
     3.833     -0.1782217      2.5750275     17.1931121      1.4092897
     3.841     -0.1749909      2.5434266     17.2058505      1.4134312
     3.848     -0.1717277      2.5117028     17.2185953      1.4175162
     3.856     -0.1684327      2.4798579     17.2313464      1.4215423
     3.864     -0.1651063      2.4478940     17.2441040      1.4255074
     3.872     -0.1617490      2.4158129     17.2568680      1.4294093
     3.880     -0.1583613      2.3836165     17.2696383      1.4332458
     3.888     -0.1549438      2.3513071     17.2824150      1.4370147
     3.896     -0.1514969      2.3188866     17.2951980      1.4407138
     3.903     -0.1480212      2.2863574     17.3079872      1.4443410
     3.911     -0.1445174      2.2537215     17.3207827      1.4478942
     3.919     -0.1409859      2.2209813     17.3335843      1.4513711
     3.927     -0.1374275      2.1881393     17.3463919      1.4547697
     3.935     -0.1338426      2.1551977     17.3592056      1.4580880
     3.943     -0.1302321      2.1221590     17.3720252      1.4613238
     3.951     -0.1265964      2.0890259     17.3848506      1.4644752
     3.958     -0.1229363      2.0558008     17.3976817      1.4675403
     3.966     -0.1192525      2.0224864     17.4105184      1.4705169
     3.974     -0.1155457      1.9890854     17.4233607      1.4734034
     3.982     -0.1118166      1.9556005     17.4362083      1.4761977
     3.990     -0.1080658      1.9220346     17.4490611      1.4788981
     3.998     -0.1042943      1.8883904     17.4619191      1.4815028
     4.006     -0.1005027      1.8546709     17.4747820      1.4840102
     4.013     -0.0966917      1.8208790     17.4876497      1.4864185
     4.021     -0.0928623      1.7870177     17.5005221      1.4887262
     4.029     -0.0890151      1.7530899     17.5133990      1.4909316
     4.037     -0.0851510      1.7190989     17.5262803      1.4930335
     4.045     -0.0812708      1.6850476     17.5391656      1.4950302
     4.053     -0.0773754      1.6509392     17.5520550      1.4969205
     4.061     -0.0734655      1.6167770     17.5649482      1.4987032
     4.068     -0.0695421      1.5825640     17.5778450      1.5003769
     4.076     -0.0656059      1.5483036     17.5907452      1.5019406
     4.084     -0.0616579      1.5139991     17.6036486      1.5033931
     4.092     -0.0576989      1.4796537     17.6165550      1.5047336
     4.100     -0.0537298      1.4452708     17.6294643      1.5059612
     4.108     -0.0497516      1.4108538     17.6423762      1.5070749
     4.115     -0.0457650      1.3764059     17.6552905      1.5080741
     4.123     -0.0417711      1.3419307     17.6682070      1.5089582
     4.131     -0.0377706      1.3074315     17.6811255      1.5097264
     4.139     -0.0337646      1.2729117     17.6940457      1.5103784
     4.147     -0.0297539      1.2383748     17.7069675      1.5109138
     4.155     -0.0257395      1.2038243     17.7198906      1.5113322
     4.163     -0.0217223      1.1692636     17.7328149      1.5116335
     4.170     -0.0177031      1.1346962     17.7457400      1.5118174
     4.178     -0.0136830      1.1001255     17.7586658      1.5118840
     4.186     -0.0096628      1.0655550     17.7715920      1.5118332
     4.194     -0.0056434      1.0309882     17.7845185      1.5116653
     4.202     -0.0016258      0.9964285     17.7974450      1.5113803
     4.210      0.0023890      0.9618794     17.8103713      1.5109788
     4.218      0.0064003      0.9273443     17.8232972      1.5104609
     4.225      0.0104070      0.8928266     17.8362224      1.5098273
     4.233      0.0144083      0.8583299     17.8491468      1.5090784
     4.241      0.0184033      0.8238574     17.8620701      1.5082149
     4.249      0.0223911      0.7894125     17.8749922      1.5072376
     4.257      0.0263707      0.7549987     17.8879128      1.5061472
     4.265      0.0303413      0.7206192     17.9008318      1.5049447
     4.273      0.0343020      0.6862774     17.9137488      1.5036310
     4.280      0.0382520      0.6519766     17.9266639      1.5022072
     4.288      0.0421904      0.6177199     17.9395766      1.5006744
     4.296      0.0461163      0.5835107     17.9524870      1.4990338
     4.304      0.0500289      0.5493521     17.9653948      1.4972867
     4.312      0.0539274      0.5152473     17.9782997      1.4954344
     4.320      0.0578109      0.4811993     17.9912018      1.4934783
     4.328      0.0616787      0.4472113     18.0041007      1.4914198
     4.335      0.0655299      0.4132863     18.0169964      1.4892607
     4.343      0.0693637      0.3794273     18.0298886      1.4870023
     4.351      0.0731794      0.3456372     18.0427773      1.4846464
     4.359      0.0769763      0.3119189     18.0556624      1.4821946
     4.367      0.0807535      0.2782753     18.0685436      1.4796488
     4.375      0.0845103      0.2447092     18.0814208      1.4770107
     4.383      0.0882461      0.2112234     18.0942940      1.4742821
     4.390      0.0919601      0.1778205     18.1071630      1.4714650
     4.398      0.0956516      0.1445032     18.1200278      1.4685614
     4.406      0.0993200      0.1112741     18.1328882      1.4655730
     4.414      0.1029646      0.0781358     18.1457441      1.4625021
     4.422      0.1065848      0.0450906     18.1585956      1.4593505
     4.430      0.1101799      0.0121412     18.1714424      1.4561204
     4.437      0.1137493     -0.0207103     18.1842846      1.4528139
     4.445      0.1172925     -0.0534614     18.1971220      1.4494331
     4.453      0.1208088     -0.0861099     18.2099548      1.4459800
     4.461      0.1242977     -0.1186536     18.2227827      1.4424569
     4.469      0.1277587     -0.1510903     18.2356058      1.4388659
     4.477      0.1311912     -0.1834181     18.2484241      1.4352092
     4.485      0.1345948     -0.2156348     18.2612376      1.4314890
     4.492      0.1379689     -0.2477385     18.2740462      1.4277074
     4.500      0.1413131     -0.2797273     18.2868499      1.4238667
     4.508      0.1446268     -0.3115994     18.2996489      1.4199691
     4.516      0.1479098     -0.3433529     18.3124430      1.4160167
     4.524      0.1511615     -0.3749863     18.3252324      1.4120118
     4.532      0.1543815     -0.4064977     18.3380170      1.4079566
     4.540      0.1575695     -0.4378857     18.3507970      1.4038531
     4.547      0.1607251     -0.4691486     18.3635723      1.3997036
     4.555      0.1638479     -0.5002851     18.3763431      1.3955103
     4.563      0.1669376     -0.5312936     18.3891094      1.3912753
     4.571      0.1699939     -0.5621728     18.4018713      1.3870007
     4.579      0.1730165     -0.5929215     18.4146289      1.3826886
     4.587      0.1760051     -0.6235384     18.4273823      1.3783411
     4.595      0.1789594     -0.6540222     18.4401316      1.3739604
     4.602      0.1818792     -0.6843719     18.4528769      1.3695483
     4.610      0.1847642     -0.7145864     18.4656183      1.3651070
     4.618      0.1876142     -0.7446647     18.4783560      1.3606385
     4.626      0.1904290     -0.7746058     18.4910901      1.3561446
     4.634      0.1932084     -0.8044088     18.5038208      1.3516275
     4.642      0.1959523     -0.8340728     18.5165481      1.3470889
     4.650      0.1986605     -0.8635971     18.5292723      1.3425308
     4.657      0.2013327     -0.8929809     18.5419936      1.3379549
     4.665      0.2039690     -0.9222234     18.5547120      1.3333632
     4.673      0.2065692     -0.9513241     18.5674279      1.3287574
     4.681      0.2091331     -0.9802824     18.5801413      1.3241393
     4.689      0.2116607     -1.0090976     18.5928524      1.3195105
     4.697      0.2141519     -1.0377693     18.6055616      1.3148728
     4.705      0.2166067     -1.0662969     18.6182689      1.3102279
     4.712      0.2190249     -1.0946802     18.6309746      1.3055772
     4.720      0.2214067     -1.1229187     18.6436789      1.3009224
     4.728      0.2237518     -1.1510121     18.6563820      1.2962650
     4.736      0.2260604     -1.1789601     18.6690842      1.2916066
     4.744      0.2283324     -1.2067625     18.6817857      1.2869485
     4.752      0.2305678     -1.2344190     18.6944867      1.2822923
     4.760      0.2327666     -1.2619295     18.7071875      1.2776393
     4.767      0.2349289     -1.2892938     18.7198884      1.2729908
     4.775      0.2370548     -1.3165119     18.7325895      1.2683482
     4.783      0.2391441     -1.3435837     18.7452912      1.2637127
     4.791      0.2411972     -1.3705092     18.7579937      1.2590857
     4.799      0.2432139     -1.3972884     18.7706973      1.2544682
     4.807      0.2451944     -1.4239213     18.7834023      1.2498614
     4.814      0.2471387     -1.4504080     18.7961089      1.2452666
     4.822      0.2490470     -1.4767486     18.8088175      1.2406847
     4.830      0.2509194     -1.5029433     18.8215283      1.2361168
     4.838      0.2527560     -1.5289923     18.8342415      1.2315640
     4.846      0.2545569     -1.5548956     18.8469576      1.2270273
     4.854      0.2563222     -1.5806536     18.8596767      1.2225075
     4.862      0.2580521     -1.6062665     18.8723993      1.2180056
     4.869      0.2597466     -1.6317346     18.8851255      1.2135225
     4.877      0.2614061     -1.6570581     18.8978558      1.2090591
     4.885      0.2630306     -1.6822374     18.9105903      1.2046161
     4.893      0.2646203     -1.7072729     18.9233295      1.2001943
     4.901      0.2661753     -1.7321648     18.9360736      1.1957946
     4.909      0.2676959     -1.7569136     18.9488230      1.1914175
     4.917      0.2691821     -1.7815197     18.9615779      1.1870638
     4.924      0.2706343     -1.8059835     18.9743388      1.1827342
     4.932      0.2720526     -1.8303054     18.9871058      1.1784293
     4.940      0.2734371     -1.8544860     18.9998794      1.1741497
     4.948      0.2747882     -1.8785256     19.0126599      1.1698959
     4.956      0.2761059     -1.9024249     19.0254475      1.1656686
     4.964      0.2773906     -1.9261842     19.0382427      1.1614681
     4.972      0.2786423     -1.9498042     19.0510457      1.1572951
     4.979      0.2798614     -1.9732853     19.0638569      1.1531499
     4.987      0.2810481     -1.9966281     19.0766767      1.1490331
     4.995      0.2822025     -2.0198331     19.0895053      1.1449450
     5.003      0.2833250     -2.0429010     19.1023430      1.1408860
     5.011      0.2844156     -2.0658323     19.1151903      1.1368566
     5.019      0.2854748     -2.0886277     19.1280475      1.1328569
     5.027      0.2865026     -2.1112877     19.1409148      1.1288874
     5.034      0.2874994     -2.1338129     19.1537927      1.1249483
     5.042      0.2884654     -2.1562039     19.1666814      1.1210400
     5.050      0.2894008     -2.1784615     19.1795814      1.1171627
     5.058      0.2903058     -2.2005862     19.1924929      1.1133166
     5.066      0.2911808     -2.2225787     19.2054163      1.1095019
     5.074      0.2920260     -2.2444396     19.2183519      1.1057189
     5.082      0.2928415     -2.2661696     19.2313001      1.1019677
     5.089      0.2936278     -2.2877694     19.2442611      1.0982485
     5.097      0.2943849     -2.3092396     19.2572354      1.0945615
     5.105      0.2951132     -2.3305808     19.2702233      1.0909067
     5.113      0.2958130     -2.3517939     19.2832251      1.0872843
     5.121      0.2964844     -2.3728794     19.2962412      1.0836943
     5.129      0.2971277     -2.3938381     19.3092718      1.0801370
     5.137      0.2977432     -2.4146706     19.3223174      1.0766122
     5.144      0.2983312     -2.4353776     19.3353782      1.0731201
     5.152      0.2988919     -2.4559598     19.3484546      1.0696608
     5.160      0.2994255     -2.4764180     19.3615469      1.0662342
     5.168      0.2999324     -2.4967528     19.3746554      1.0628404
     5.176      0.3004127     -2.5169649     19.3877806      1.0594794
     5.184      0.3008668     -2.5370549     19.4009227      1.0561511
     5.191      0.3012948     -2.5570237     19.4140820      1.0528556
     5.199      0.3016971     -2.5768719     19.4272589      1.0495928
     5.207      0.3020739     -2.5966003     19.4404537      1.0463626
     5.215      0.3024255     -2.6162094     19.4536667      1.0431651
     5.223      0.3027520     -2.6357000     19.4668982      1.0400001
     5.231      0.3030539     -2.6550728     19.4801487      1.0368677
     5.239      0.3033312     -2.6743286     19.4934183      1.0337676
     5.246      0.3035844     -2.6934679     19.5067075      1.0306999
     5.254      0.3038135     -2.7124916     19.5200164      1.0276644
     5.262      0.3040190     -2.7314002     19.5333456      1.0246610
     5.270      0.3042010     -2.7501946     19.5466952      1.0216897
     5.278      0.3043598     -2.7688753     19.5600655      1.0187502
     5.286      0.3044956     -2.7874430     19.5734570      1.0158425
     5.294      0.3046087     -2.8058985     19.5868698      1.0129665
     5.301      0.3046994     -2.8242425     19.6003044      1.0101220
     5.309      0.3047678     -2.8424755     19.6137610      1.0073088
     5.317      0.3048143     -2.8605984     19.6272399      1.0045269
     5.325      0.3048390     -2.8786117     19.6407414      1.0017760
     5.333      0.3048422     -2.8965162     19.6542659      0.9990560
     5.341      0.3048242     -2.9143125     19.6678135      0.9963667
     5.349      0.3047853     -2.9320012     19.6813847      0.9937081
     5.356      0.3047255     -2.9495831     19.6949797      0.9910798
     5.364      0.3046452     -2.9670588     19.7085988      0.9884817
     5.372      0.3045446     -2.9844290     19.7222423      0.9859137
     5.380      0.3044240     -3.0016942     19.7359105      0.9833755
     5.388      0.3042836     -3.0188552     19.7496037      0.9808670
     5.396      0.3041236     -3.0359127     19.7633221      0.9783879
     5.404      0.3039442     -3.0528671     19.7770660      0.9759382
     5.411      0.3037457     -3.0697193     19.7908358      0.9735175
     5.419      0.3035283     -3.0864697     19.8046316      0.9711257
     5.427      0.3032922     -3.1031191     19.8184538      0.9687626
     5.435      0.3030377     -3.1196681     19.8323027      0.9664280
     5.443      0.3027649     -3.1361173     19.8461784      0.9641216
     5.451      0.3024742     -3.1524673     19.8600814      0.9618433
     5.459      0.3021656     -3.1687187     19.8740117      0.9595929
     5.466      0.3018395     -3.1848721     19.8879698      0.9573701
     5.474      0.3014961     -3.2009282     19.9019558      0.9551747
     5.482      0.3011355     -3.2168875     19.9159701      0.9530065
     5.490      0.3007580     -3.2327506     19.9300128      0.9508653
     5.498      0.3003637     -3.2485182     19.9440843      0.9487509
     5.506      0.2999530     -3.2641908     19.9581847      0.9466631
     5.513      0.2995260     -3.2797690     19.9723144      0.9446015
     5.521      0.2990829     -3.2952534     19.9864735      0.9425661
     5.529      0.2986239     -3.3106445     20.0006623      0.9405566
     5.537      0.2981492     -3.3259430     20.0148811      0.9385728
     5.545      0.2976591     -3.3411493     20.0291300      0.9366144
     5.553      0.2971536     -3.3562641     20.0434094      0.9346813
     5.561      0.2966331     -3.3712880     20.0577194      0.9327731
     5.568      0.2960977     -3.3862214     20.0720603      0.9308898
     5.576      0.2955476     -3.4010649     20.0864322      0.9290310
     5.584      0.2949830     -3.4158191     20.1008356      0.9271965
     5.592      0.2944041     -3.4304845     20.1152704      0.9253861
     5.600      0.2938110     -3.4450616     20.1297370      0.9235996
     5.608      0.2932040     -3.4595510     20.1442356      0.9218368
     5.616      0.2925833     -3.4739532     20.1587663      0.9200975
     5.623      0.2919490     -3.4882688     20.1733294      0.9183813
     5.631      0.2913013     -3.5024982     20.1879252      0.9166882
     5.639      0.2906404     -3.5166420     20.2025537      0.9150178
     5.647      0.2899665     -3.5307007     20.2172152      0.9133700
     5.655      0.2892797     -3.5446748     20.2319099      0.9117445
     5.663      0.2885802     -3.5585647     20.2466380      0.9101411
     5.671      0.2878682     -3.5723711     20.2613996      0.9085596
     5.678      0.2871439     -3.5860944     20.2761950      0.9069998
     5.686      0.2864074     -3.5997351     20.2910244      0.9054615
     5.694      0.2856590     -3.6132936     20.3058879      0.9039443
     5.702      0.2848986     -3.6267706     20.3207856      0.9024482
     5.710      0.2841267     -3.6401663     20.3357178      0.9009729
     5.718      0.2833432     -3.6534815     20.3506847      0.8995182
     5.726      0.2825484     -3.6667164     20.3656864      0.8980839
     5.733      0.2817423     -3.6798716     20.3807230      0.8966697
     5.741      0.2809253     -3.6929476     20.3957948      0.8952754
     5.749      0.2800974     -3.7059448     20.4109019      0.8939009
     5.757      0.2792588     -3.7188636     20.4260444      0.8925459
     5.765      0.2784096     -3.7317046     20.4412226      0.8912102
     5.773      0.2775499     -3.7444682     20.4564364      0.8898937
     5.781      0.2766801     -3.7571549     20.4716862      0.8885960
     5.788      0.2758001     -3.7697650     20.4869720      0.8873170
     5.796      0.2749101     -3.7822991     20.5022939      0.8860565
     5.804      0.2740103     -3.7947575     20.5176522      0.8848143
     5.812      0.2731008     -3.8071408     20.5330469      0.8835901
     5.820      0.2721818     -3.8194493     20.5484782      0.8823838
     5.828      0.2712533     -3.8316836     20.5639461      0.8811952
     5.836      0.2703156     -3.8438439     20.5794509      0.8800241
     5.843      0.2693688     -3.8559308     20.5949926      0.8788702
     5.851      0.2684130     -3.8679447     20.6105714      0.8777334
     5.859      0.2674483     -3.8798860     20.6261873      0.8766135
     5.867      0.2664749     -3.8917551     20.6418404      0.8755103
     5.875      0.2654929     -3.9035524     20.6575309      0.8744235
     5.883      0.2645024     -3.9152784     20.6732589      0.8733531
     5.890      0.2635035     -3.9269334     20.6890245      0.8722987
     5.898      0.2624965     -3.9385179     20.7048277      0.8712603
     5.906      0.2614813     -3.9500323     20.7206687      0.8702376
     5.914      0.2604582     -3.9614769     20.7365475      0.8692304
     5.922      0.2594272     -3.9728523     20.7524642      0.8682385
     5.930      0.2583886     -3.9841587     20.7684189      0.8672618
     5.938      0.2573422     -3.9953966     20.7844117      0.8663001
     5.945      0.2562884     -4.0065664     20.8004426      0.8653532
     5.953      0.2552273     -4.0176685     20.8165117      0.8644209
     5.961      0.2541588     -4.0287032     20.8326191      0.8635030
     5.969      0.2530832     -4.0396709     20.8487649      0.8625994
     5.977      0.2520006     -4.0505721     20.8649490      0.8617099
     5.985      0.2509110     -4.0614072     20.8811716      0.8608342
     5.993      0.2498146     -4.0721764     20.8974327      0.8599722
     6.000      0.2487115     -4.0828802     20.9137324      0.8591238
     6.008      0.2476017     -4.0935190     20.9300706      0.8582888
     6.016      0.2464855     -4.1040931     20.9464475      0.8574670
     6.024      0.2453629     -4.1146030     20.9628630      0.8566581
     6.032      0.2442339     -4.1250489     20.9793172      0.8558622
     6.040      0.2430988     -4.1354314     20.9958101      0.8550789
     6.048      0.2419575     -4.1457506     21.0123418      0.8543081
     6.055      0.2408103     -4.1560071     21.0289123      0.8535497
     6.063      0.2396571     -4.1662012     21.0455215      0.8528035
     6.071      0.2384982     -4.1763332     21.0621696      0.8520693
     6.079      0.2373335     -4.1864035     21.0788564      0.8513470
     6.087      0.2361632     -4.1964125     21.0955820      0.8506363
     6.095      0.2349873     -4.2063606     21.1123465      0.8499372
     6.103      0.2338060     -4.2162481     21.1291498      0.8492495
     6.110      0.2326194     -4.2260753     21.1459918      0.8485730
     6.118      0.2314274     -4.2358427     21.1628727      0.8479076
     6.126      0.2302303     -4.2455505     21.1797923      0.8472531
     6.134      0.2290281     -4.2551992     21.1967507      0.8466093
     6.142      0.2278209     -4.2647891     21.2137479      0.8459761
     6.150      0.2266088     -4.2743206     21.2307837      0.8453534
     6.158      0.2253917     -4.2837940     21.2478583      0.8447410
     6.165      0.2241700     -4.2932096     21.2649714      0.8441387
     6.173      0.2229435     -4.3025679     21.2821232      0.8435464
     6.181      0.2217124     -4.3118691     21.2993136      0.8429640
     6.189      0.2204768     -4.3211137     21.3165425      0.8423912
     6.197      0.2192367     -4.3303020     21.3338099      0.8418281
     6.205      0.2179923     -4.3394343     21.3511156      0.8412743
     6.212      0.2167435     -4.3485110     21.3684598      0.8407298
     6.220      0.2154905     -4.3575324     21.3858422      0.8401945
     6.228      0.2142333     -4.3664989     21.4032629      0.8396681
     6.236      0.2129720     -4.3754108     21.4207218      0.8391506
     6.244      0.2117067     -4.3842685     21.4382188      0.8386418
     6.252      0.2104374     -4.3930724     21.4557538      0.8381415
     6.260      0.2091643     -4.4018227     21.4733267      0.8376497
     6.267      0.2078873     -4.4105198     21.4909375      0.8371662
     6.275      0.2066065     -4.4191641     21.5085860      0.8366909
     6.283      0.2053220     -4.4277560     21.5262722      0.8362236
